R104

VEHICLE
NUMBER     CAPACITY
  25         200

CUSTOMER
CUST NO.   XCOORD.   YCOORD.   DEMAND    READY TIME   DUE DATE   SERVICE TIME
 
    0      35         35          0          0        230          0   
    1      41         49         10          0        204         10   
    2      35         17          7          0        202         10   
    3      55         45         13          0        197         10   
    4      55         20         19        149        159         10   
    5      15         30         26          0        199         10   
    6      25         30          3          0        208         10   
    7      20         50          5          0        198         10   
    8      10         43          9         95        105         10   
    9      55         60         16         97        107         10   
   10      30         60         16          0        194         10   
   11      20         65         12         67         77         10   
   12      50         35         19          0        205         10   
   13      30         25         23        159        169         10   
   14      15         10         20          0        187         10   
   15      30          5          8         61         71         10   
   16      10         20         19          0        190         10   
   17       5         30          2          0        189         10   
   18      20         40         12          0        204         10   
   19      15         60         17          0        187         10   
   20      45         65          9          0        188         10   
   21      45         20         11          0        201         10   
   22      45         10         18          0        193         10   
   23      55          5         29         68         78         10   
   24      65         35          3          0        190         10   
   25      65         20          6        172        182         10   
   26      45         30         17          0        208         10   
   27      35         40         16          0        215         10   
   28      41         37         16          0        213         10   
   29      64         42          9          0        190         10   
   30      40         60         21          0        194         10   
   31      31         52         27          0        202         10   
   32      35         69         23          0        186         10   
   33      53         52         11          0        195         10   
   34      65         55         14          0        183         10   
   35      63         65          8          0        178         10   
   36       2         60          5          0        178         10   
   37      20         20          8          0        198         10   
   38       5          5         16         83         93         10   
   39      60         12         31          0        186         10   
   40      40         25          9          0        208         10   
   41      42          7          5          0        191         10   
   42      24         12          5          0        194         10   
   43      23          3          7          0        185         10   
   44      11         14         18         69         79         10   
   45       6         38         16          0        190         10   
   46       2         48          1          0        184         10   
   47       8         56         27          0        185         10   
   48      13         52         36          0        192         10   
   49       6         68         30          0        176         10   
   50      47         47         13          0        203         10   
   51      49         58         10          0        193         10   
   52      27         43          9          0        208         10   
   53      37         31         14         95        105         10   
   54      57         29         18          0        197         10   
   55      63         23          2        136        146         10   
   56      53         12          6          0        190         10   
   57      32         12          7          0        196         10   
   58      36         26         18        200        210         10   
   59      21         24         28          0        202         10   
   60      17         34          3          0        201         10   
   61      12         24         13          0        194         10   
   62      24         58         19         58         68         10   
   63      27         69         10          0        185         10   
   64      15         77          9          0        173         10   
   65      62         77         20          0        170         10   
   66      49         73         25          0        179         10   
   67      67          5         25         83         93         10   
   68      56         39         36          0        198         10   
   69      37         47          6         50         60         10   
   70      37         56          5          0        198         10   
   71      57         68         15          0        180         10   
   72      47         16         25          0        197         10   
   73      44         17          9          0        199         10   
   74      46         13          8        149        159         10   
   75      49         11         18          0        192         10   
   76      49         42         13         73         83         10   
   77      53         43         14        179        189         10   
   78      61         52          3          0        188         10   
   79      57         48         23         92        102         10   
   80      56         37          6          0        198         10   
   81      55         54         26          0        192         10   
   82      15         47         16          0        196         10   
   83      14         37         11          0        198         10   
   84      11         31          7        101        111         10   
   85      16         22         41          0        196         10   
   86       4         18         35          0        184         10   
   87      28         18         26         93        103         10   
   88      26         52          9          0        200         10   
   89      26         35         15          0        211         10   
   90      31         67          3          0        187         10   
   91      15         19          1          0        194         10   
   92      22         22          2         18         28         10   
   93      18         24         22          0        199         10   
   94      26         27         27          0        207         10   
   95      25         24         20          0        205         10   
   96      22         27         11          0        204         10   
   97      25         21         12          0        202         10   
   98      19         21         10          0        198         10   
   99      20         26          9         83         93         10   
  100      18         18         17        185        195         10
  101      35         35          0          0        230          0       

9.9999993989E8	-44.89	-42.09	-37.79	-35.09	-39.49	-48.99	-38.99	-33.89	-28.09	-34.69	-26.69	-45.09	-48.99	-28.09	-29.79	-31.09	-29.79	-44.29	-28.09	-28.49	-42.09	-33.29	-24.09	-30.09	-26.69	-48.99	-55.09	-53.79	-30.29	-34.69	-42.69	-26.09	-35.39	-24.09	-19.19	-18.69	-38.99	-17.89	-26.19	-48.99	-31.29	-34.69	-25.99	-28.29	-31.09	-24.69	-25.89	-32.29	-16.19	-43.19	-33.19	-48.79	-55.69	-37.29	-29.69	-30.89	-36.99	-51.09	-42.29	-42.09	-34.69	-34.69	-25.29	-13.69	-10.29	-19.69	-16.39	-38.79	-47.99	-39.09	-20.49	-37.69	-40.09	-35.69	-32.39	-44.49	-40.49	-29.09	-34.59	-39.09	-32.59	-36.79	-39.09	-35.79	-37.09	-24.89	-41.79	-40.89	-51.09	-27.89	-34.49	-41.79	-39.89	-48.09	-45.29	-44.89	-42.89	-38.89	-42.69	-36.19	
1.0E9	8.8	32.39	14.5	32.2	32.2	24.8	21.0	31.5	17.8	15.5	26.39	16.6	26.39	46.79	45.1	42.39	40.6	22.69	28.19	16.39	29.19	39.1	46.0	27.69	37.6	19.39	10.8	12.0	23.89	11.0	10.4	20.8	12.3	24.6	27.19	40.39	35.79	56.79	41.5	24.0	42.0	40.7	49.29	46.0	36.6	39.0	33.59	28.1	39.7	6.29	12.0	15.09	18.39	25.6	34.0	38.79	37.89	23.39	32.0	28.2	38.2	19.19	24.39	38.1	35.0	25.19	51.0	18.0	4.4	8.0	24.8	33.5	32.1	36.2	38.79	10.59	13.4	20.19	16.0	19.19	14.8	26.0	29.39	34.89	36.69	48.2	33.6	15.19	20.5	20.5	39.6	33.0	33.89	26.6	29.6	29.0	32.2	35.6	31.1	38.59	
9.999999982E8	30.59	9.8	32.6	18.39	21.99	14.59	34.4	34.2	45.6	41.4	48.4	21.59	7.6	19.3	11.2	23.19	30.69	25.59	45.5	47.0	8.6	10.4	21.49	33.1	28.3	14.59	21.19	19.0	36.4	41.3	33.4	50.2	37.5	46.6	53.7	52.39	13.4	30.4	23.59	7.6	10.4	10.2	16.59	22.3	34.0	43.29	45.6	39.4	56.8	30.49	41.4	25.39	12.2	23.19	26.8	16.8	4.0	7.2	13.8	22.89	22.09	40.6	50.8	61.4	63.9	55.79	32.29	28.59	28.19	37.2	53.7	10.2	7.2	9.9	13.4	26.8	29.79	41.79	36.2	27.19	40.2	34.2	27.09	25.79	17.69	29.19	5.2	34.3	18.3	48.3	18.19	12.0	16.39	11.6	10.4	14.59	8.9	14.59	15.59	15.2	
1.0E9	14.5	34.39	5.59	25.0	42.6	33.5	35.29	45.0	15.0	29.0	40.1	11.09	32.0	53.09	47.1	51.29	52.1	35.29	42.7	22.3	26.89	36.2	40.0	14.09	26.89	18.0	20.6	16.1	9.4	21.19	24.89	31.19	7.2	14.09	21.5	54.89	42.99	64.0	33.2	25.0	40.1	45.19	52.79	53.79	49.39	53.0	48.09	42.5	54.09	8.19	14.3	28.0	22.8	16.0	23.39	33.0	40.19	26.8	39.89	39.5	47.79	33.59	36.79	51.19	32.7	28.5	41.7	6.0	18.1	21.0	23.0	30.0	30.0	33.1	34.5	6.7	2.79	9.19	3.6	8.0	9.0	40.0	41.7	46.1	45.19	57.5	38.09	29.69	30.6	32.5	47.59	40.19	42.5	34.1	36.59	37.5	38.39	43.19	39.7	45.79	
1.0E9	32.2	20.19	25.0	16.39	41.19	31.59	46.0	50.4	40.0	47.09	57.0	15.8	25.39	41.2	29.1	45.0	50.79	40.2	56.39	46.0	10.0	14.09	15.0	18.0	10.0	14.09	28.19	22.0	23.69	42.7	40.0	52.89	32.0	36.39	45.59	66.39	35.0	52.1	9.4	15.8	18.3	32.0	36.1	44.29	52.09	59.79	59.19	52.79	68.4	28.1	38.39	36.2	21.0	9.19	8.5	8.19	24.3	19.89	34.2	40.39	43.1	49.0	56.39	69.59	57.39	53.2	19.19	19.0	32.39	40.2	48.0	8.9	11.4	11.4	10.8	22.8	23.0	32.5	28.0	17.0	34.0	48.2	44.29	45.29	39.0	51.0	27.0	43.1	32.6	52.7	40.0	33.0	37.2	29.79	30.19	33.59	30.0	36.0	35.39	37.0	
1.0E9	32.2	23.79	42.6	41.19	8.19	10.0	20.6	13.9	50.0	33.39	35.29	35.29	15.79	20.0	29.09	11.09	10.0	11.09	30.0	46.0	31.6	36.0	47.09	50.2	50.79	30.0	22.19	26.89	50.39	39.0	27.19	43.59	43.79	55.6	59.39	32.6	11.09	26.89	48.39	25.39	35.39	20.0	28.1	16.39	12.0	22.19	26.89	22.0	39.0	36.0	44.0	17.6	22.0	42.0	48.39	41.89	24.6	21.3	8.4	4.4	6.7	29.39	40.79	47.0	66.3	54.79	57.5	41.89	27.8	34.0	56.6	34.79	31.69	35.29	38.79	36.0	40.1	50.79	45.59	41.5	46.59	17.0	7.0	4.09	8.0	16.19	17.6	24.5	12.0	40.19	11.0	10.59	6.7	11.4	11.59	7.59	13.4	9.8	6.4	12.3	
1.0E9	24.8	16.39	33.5	31.59	10.0	6.2	20.6	19.8	42.29	30.19	35.29	25.39	7.0	22.19	25.39	18.0	20.0	11.09	31.6	40.29	22.3	28.19	39.0	40.2	41.19	20.0	14.09	17.39	40.7	33.5	22.69	40.09	35.6	47.1	51.6	37.79	11.09	32.0	39.29	15.79	28.59	18.0	27.0	21.19	20.6	29.19	31.0	24.89	42.29	27.8	36.79	13.0	12.0	32.0	38.6	33.2	19.2	11.69	7.2	8.9	14.3	28.0	39.0	48.0	59.79	49.19	48.79	32.2	20.8	28.6	49.59	26.0	23.0	27.0	30.6	26.79	30.79	42.1	36.7	31.69	38.39	19.69	13.0	14.0	12.0	24.1	12.29	22.0	5.0	37.2	14.8	8.5	9.19	3.1	6.0	4.2	9.0	10.8	6.4	13.8	
1.0E9	21.0	36.2	35.29	46.0	20.6	20.6	11.59	12.19	36.29	14.09	15.0	33.5	26.8	40.2	46.0	31.6	25.0	10.0	11.09	29.1	39.0	47.1	56.99	47.39	54.0	32.0	18.0	24.6	44.59	22.3	11.09	24.19	33.0	45.1	45.5	20.5	30.0	47.39	55.0	32.0	48.29	38.1	47.0	37.0	18.39	18.1	13.4	7.2	22.8	27.1	30.0	9.8	25.39	42.4	50.6	50.2	39.79	28.8	26.0	16.19	27.19	8.9	20.19	27.39	49.89	37.0	64.79	37.6	17.19	18.0	41.0	43.39	40.79	45.19	48.59	30.0	33.59	41.0	37.0	38.2	35.1	5.79	14.3	21.0	28.19	35.7	32.89	6.29	16.1	20.19	31.29	28.0	26.0	23.69	26.39	23.0	29.39	29.0	24.0	32.0	
1.0E9	31.5	36.0	45.0	50.4	13.9	19.8	12.19	12.8	48.0	26.19	24.1	40.7	26.8	33.29	42.79	23.0	13.9	10.4	17.6	41.29	41.79	48.0	58.79	55.5	59.5	37.29	25.1	31.5	54.0	34.39	22.8	36.0	43.79	56.09	57.29	18.69	25.0	38.29	58.7	34.89	48.1	33.89	42.0	29.0	6.4	9.4	13.09	9.4	25.19	37.2	41.7	17.0	29.5	49.0	56.59	53.0	38.0	31.0	21.89	11.4	19.0	20.5	31.0	34.29	62.09	49.19	68.4	46.1	27.19	29.89	53.09	45.79	42.79	46.79	50.39	39.0	43.0	51.7	47.2	46.29	46.29	6.4	7.2	12.0	21.8	25.69	30.79	18.3	17.8	31.8	24.5	24.09	20.6	22.6	24.19	20.0	26.59	23.69	19.69	26.19	
1.0E9	17.8	47.39	15.0	40.0	50.0	42.29	36.29	48.0	12.0	25.0	35.29	25.39	43.0	64.0	60.29	60.1	58.2	40.29	40.0	11.09	41.09	50.79	55.0	26.89	41.2	31.5	28.19	26.79	20.1	15.0	25.19	21.79	8.19	11.09	9.4	53.0	53.09	74.19	48.2	38.0	54.29	57.0	65.19	63.49	53.69	54.29	47.1	42.69	49.59	15.19	6.29	32.7	34.0	31.0	37.79	48.0	53.19	38.79	49.39	46.0	56.0	31.0	29.39	43.29	18.3	14.3	56.19	21.0	22.19	18.39	8.19	44.59	44.19	47.69	49.29	18.89	17.1	10.0	12.09	23.0	6.0	41.89	47.0	52.6	54.29	66.0	49.79	30.0	38.2	25.0	57.09	50.29	51.49	43.89	46.79	46.5	49.2	53.0	48.69	55.89	
1.0E9	15.5	43.2	29.0	47.09	33.39	30.19	14.09	26.19	25.0	12.59	11.09	32.0	35.0	52.0	55.0	44.5	39.0	22.3	15.0	15.8	42.7	52.2	60.2	43.0	53.1	33.39	20.6	25.39	38.39	10.0	8.0	10.19	24.3	35.29	33.29	28.0	41.1	60.29	56.49	36.39	54.29	48.2	57.2	49.69	32.5	30.39	22.3	18.69	25.19	21.39	19.1	17.19	29.8	41.1	49.5	53.0	48.0	34.39	37.0	29.0	40.1	6.29	9.4	22.6	36.2	23.0	66.2	33.39	14.69	8.0	28.1	47.1	45.2	49.6	52.39	26.1	28.59	32.0	29.5	34.7	25.69	19.8	28.0	34.6	40.39	49.29	42.0	8.9	25.19	7.0	43.5	38.7	37.89	33.2	36.2	33.89	39.2	40.39	35.39	43.5	
9.9999999835E8	24.74	48.55	38.45	55.35	33.64	33.64	13.34	22.44	33.64	9.44	12.34	40.64	39.55	53.45	59.04	44.35	36.35	23.34	5.34	23.34	49.64	58.64	67.64	52.35	61.85	41.35	27.34	33.35	47.85	18.94	15.34	13.84	33.75	44.35	41.35	16.94	43.35	59.95	64.75	42.95	60.35	51.45	60.35	50.04	28.64	22.94	13.34	13.04	12.65	30.74	28.14	21.34	36.25	49.85	58.25	60.55	52.55	40.45	39.35	29.44	40.05	6.34	6.34	11.34	41.95	28.34	74.54	42.75	23.04	17.44	35.45	54.04	51.85	56.25	59.34	35.35	37.95	41.25	38.95	43.94	34.95	16.94	26.94	33.35	41.45	47.95	45.94	12.65	28.84	9.44	44.55	41.35	39.35	36.75	39.64	36.35	42.55	42.35	37.35	45.35	
1.0E9	16.6	23.39	11.09	15.8	35.29	25.39	33.5	40.7	25.39	32.0	42.29	12.59	22.3	43.0	36.0	42.59	45.2	30.39	43.0	30.3	15.8	25.39	30.3	15.0	21.19	7.0	15.8	9.19	15.59	26.89	25.39	37.09	17.19	25.0	32.6	54.0	33.39	54.0	25.0	14.0	29.0	34.6	41.79	44.1	44.0	49.7	46.89	40.7	55.0	12.3	23.0	24.3	13.59	9.19	17.6	23.1	29.19	16.6	31.0	33.0	39.39	34.59	41.0	54.6	43.6	38.0	34.39	7.2	17.6	24.6	33.59	19.19	18.89	22.3	24.0	7.0	8.5	20.19	14.69	6.29	19.6	36.89	36.0	39.2	36.29	48.89	27.8	29.39	24.0	37.1	38.29	30.8	33.7	25.19	27.3	29.1	28.6	33.89	31.19	36.1	
1.0E9	26.39	9.4	32.0	25.39	15.79	7.0	26.8	26.8	43.0	35.0	41.2	22.3	8.8	21.19	20.0	20.5	25.39	18.0	37.89	42.6	15.8	21.19	32.0	36.29	35.29	15.8	15.8	16.19	37.89	36.29	27.0	44.2	35.39	46.0	51.79	44.79	11.09	32.0	32.6	10.0	21.6	14.3	23.0	21.8	27.19	36.2	38.0	31.8	49.2	27.79	38.0	18.19	9.19	27.19	33.0	26.3	13.09	6.0	9.0	15.8	18.0	33.39	44.1	54.09	60.9	51.5	41.89	29.5	23.0	31.69	50.7	19.19	16.1	20.0	23.6	25.39	29.19	41.0	35.39	28.6	38.19	26.6	20.0	19.89	14.19	26.79	7.2	27.19	10.69	42.0	16.0	8.5	12.0	4.4	5.0	8.19	6.4	11.59	10.0	13.8	
1.0E9	46.79	21.1	53.09	41.2	20.0	22.19	40.2	33.29	64.0	52.0	55.1	43.0	21.19	11.19	15.8	11.09	22.19	30.39	50.0	62.5	31.5	30.0	40.2	55.89	50.89	36.0	36.0	37.39	58.39	55.7	44.7	62.1	56.5	67.19	72.79	51.59	11.09	11.09	45.0	29.0	27.1	9.19	10.59	5.59	29.39	40.09	46.39	42.0	58.5	48.79	58.79	34.9	30.39	46.0	49.7	38.0	17.1	26.39	15.19	24.0	14.3	48.79	60.09	67.0	81.79	71.4	52.1	50.2	42.9	50.79	71.59	32.5	29.8	31.1	34.0	46.59	50.29	62.19	56.59	49.0	59.29	37.0	27.0	21.3	12.0	13.59	15.19	43.2	27.19	59.0	9.0	13.8	14.3	20.19	17.19	18.3	14.8	11.59	16.6	8.5	
1.0E9	45.09	13.0	47.09	29.1	29.09	25.39	46.0	42.79	60.29	55.0	60.69	36.0	20.0	15.8	14.4	25.0	35.2	36.29	56.89	61.49	21.19	15.8	25.0	46.0	38.0	29.1	35.29	33.7	50.2	55.79	47.0	64.09	52.2	61.0	68.4	61.49	18.0	25.0	30.7	22.3	12.09	9.19	7.2	21.0	40.79	51.2	55.29	49.79	67.19	45.2	56.1	38.1	26.69	36.0	37.5	24.0	7.2	21.69	20.89	31.59	26.0	53.2	64.0	73.4	78.59	70.29	37.0	42.79	42.5	51.39	68.4	20.19	18.39	17.8	19.89	41.5	44.29	56.2	50.69	41.2	54.89	44.5	35.59	32.2	22.0	29.0	13.09	47.1	30.19	62.0	20.5	18.69	22.39	22.29	19.6	23.39	16.69	19.39	23.09	17.6	
1.0E9	42.39	25.0	51.29	45.0	11.09	18.0	31.6	23.0	60.1	44.5	46.0	42.59	20.5	11.09	25.0	8.8	11.09	22.19	40.2	57.0	35.0	36.2	47.29	56.79	55.0	36.29	32.0	35.2	58.1	50.0	38.19	54.7	53.59	65.09	69.5	40.7	10.0	15.8	50.39	30.29	34.39	16.1	21.39	6.0	18.39	29.09	36.0	32.0	48.1	45.79	54.29	28.6	29.0	47.69	53.0	43.5	23.29	26.5	11.59	15.5	4.4	40.39	51.79	57.0	77.09	65.79	58.69	49.6	38.09	45.0	67.09	37.0	34.0	36.5	39.79	44.6	48.59	60.09	54.59	48.89	56.39	27.39	17.39	11.0	6.29	6.29	18.0	35.6	21.89	51.29	5.0	12.09	8.9	17.39	15.5	13.8	15.0	9.0	11.59	8.09	
9.999999926E8	33.19	25.09	44.69	43.39	2.59	12.59	17.59	6.49	50.79	31.59	30.59	37.79	17.99	14.79	27.79	3.69	4.59	10.59	24.09	45.59	33.69	37.19	48.29	52.69	53.29	32.59	24.09	29.09	52.59	38.59	26.59	41.79	45.39	57.4	60.19	22.69	10.59	17.59	50.29	27.89	36.09	18.59	24.99	9.59	0.59	10.79	18.69	15.89	30.59	37.79	44.69	18.09	24.59	44.59	50.89	43.69	24.99	23.79	9.59	5.19	1.79	26.39	37.29	40.59	66.39	54.09	59.19	44.19	28.79	33.79	57.0	36.69	33.59	36.79	40.29	38.09	42.19	52.59	47.49	43.89	47.99	12.29	3.99	-1.4	6.19	4.59	18.49	22.99	14.09	37.79	7.39	11.29	6.89	13.79	13.39	9.79	14.39	9.19	8.09	10.19	
1.0E9	22.69	27.39	35.29	40.2	11.09	11.09	10.0	10.4	40.29	22.3	25.0	30.39	18.0	30.39	36.29	22.19	18.0	13.4	20.6	35.2	32.0	39.0	49.39	45.2	49.2	26.89	15.0	21.19	44.0	28.19	16.19	32.5	35.0	47.29	49.69	26.89	20.0	38.0	48.79	25.0	39.59	28.19	37.0	27.5	14.09	19.6	20.0	13.8	31.19	27.8	34.1	7.59	19.19	38.6	46.2	43.19	30.3	21.19	16.0	6.7	17.8	18.39	29.79	37.29	55.89	43.79	58.59	36.0	18.29	23.3	46.39	36.0	33.19	37.39	40.99	29.0	33.1	42.6	37.79	36.1	37.5	8.59	6.7	12.69	18.39	27.19	23.39	13.4	7.79	29.1	21.5	18.1	16.1	14.19	16.69	13.09	19.6	19.0	14.0	22.0	
1.0E9	28.19	47.3	42.7	56.39	30.0	31.6	11.09	17.6	40.0	15.0	7.0	43.0	37.9	50.0	56.89	40.2	31.5	20.6	14.0	30.39	50.0	58.2	68.0	55.69	64.0	42.29	28.19	34.7	52.1	25.0	17.8	21.79	38.69	50.2	48.2	13.0	40.29	55.79	65.69	43.0	59.39	48.7	57.39	46.1	23.69	17.6	8.0	8.19	12.0	34.5	34.0	20.8	36.39	52.2	60.6	61.2	50.8	39.89	36.39	26.0	36.1	9.19	15.0	17.0	49.89	36.29	75.49	45.89	25.5	22.29	42.7	54.39	51.79	56.19	59.59	38.29	41.5	46.59	43.59	46.89	40.39	13.0	23.0	29.19	38.0	43.29	43.89	13.59	27.2	17.39	41.0	38.6	36.0	34.7	37.29	33.7	40.2	39.1	34.29	42.0	
9.9999999768E8	14.08	46.48	19.98	43.68	43.68	37.98	26.78	38.98	8.78	13.48	22.68	27.98	40.28	60.18	59.18	54.68	50.68	32.88	28.08	11.68	42.68	52.68	58.28	33.68	46.88	32.68	24.48	25.88	27.48	4.68	16.68	8.38	12.88	19.88	15.68	40.88	49.08	69.68	52.68	37.88	55.68	54.48	63.28	58.88	45.08	43.88	35.68	32.18	36.78	15.78	5.68	26.08	32.48	35.58	43.28	51.08	51.98	37.48	45.18	39.38	50.28	19.78	16.08	29.88	18.48	6.58	61.48	25.88	17.28	9.68	9.98	46.68	45.68	49.68	51.78	20.98	21.08	18.28	18.48	27.68	12.48	32.58	39.28	45.58	49.48	59.88	47.48	20.68	33.18	11.78	52.48	46.38	46.68	40.08	43.18	42.08	45.88	48.78	43.98	51.78	
1.0E9	29.19	10.4	26.89	10.0	31.6	22.3	39.0	41.79	41.09	42.7	51.29	15.8	15.8	31.5	21.19	35.0	41.1	32.0	50.0	45.0	6.2	10.0	18.0	25.0	20.0	10.0	22.3	17.39	29.0	40.2	34.89	49.89	32.89	40.2	48.39	58.59	25.0	42.59	17.0	7.0	13.19	22.39	27.8	34.5	42.89	51.19	51.5	45.1	61.79	27.0	38.1	29.19	13.59	15.0	18.19	11.3	15.19	10.8	24.3	31.2	33.1	43.29	52.1	64.29	59.39	53.0	26.6	21.89	28.09	36.79	49.29	4.4	3.1	7.0	9.69	22.3	24.3	35.7	30.39	20.19	35.39	40.29	35.29	35.7	29.0	41.0	17.1	37.2	24.19	48.89	30.0	23.0	27.19	20.19	20.3	24.0	20.0	26.0	25.6	27.0	
1.0E9	39.1	12.19	36.2	14.09	36.0	28.19	47.1	48.0	50.79	52.19	60.29	25.39	21.19	30.0	15.8	36.2	44.59	39.0	58.2	55.0	10.0	6.2	11.09	32.0	22.3	20.0	31.59	27.19	37.09	50.1	44.19	59.69	42.59	49.1	57.7	65.89	26.89	40.29	15.09	15.8	4.2	21.0	23.0	34.1	48.0	57.2	58.99	52.79	69.79	37.0	48.1	37.5	22.39	22.39	22.19	8.19	13.09	18.3	27.69	36.79	35.6	52.29	61.59	73.29	68.9	63.0	22.5	30.8	37.79	46.59	58.99	6.2	7.0	3.1	4.09	32.2	33.8	44.7	39.7	29.0	44.9	47.59	41.0	39.79	31.2	41.7	18.69	46.0	31.39	58.59	31.2	25.89	30.29	25.39	24.39	28.59	22.8	28.1	29.59	28.1	
1.0E9	46.0	23.29	40.0	15.0	47.09	39.0	57.0	58.79	55.0	60.19	69.29	30.3	32.0	40.2	25.0	47.29	55.69	49.39	68.0	60.59	18.0	11.09	14.4	31.6	18.0	26.8	40.29	34.79	38.0	56.9	52.7	66.79	47.0	50.89	60.39	76.09	38.0	50.0	8.59	25.0	13.09	31.69	32.0	44.79	59.0	68.2	69.19	62.89	79.79	42.59	53.29	47.19	31.6	24.0	19.6	7.2	24.0	28.19	38.79	47.79	46.69	61.29	69.59	82.29	72.2	68.2	12.0	34.0	45.5	54.0	63.0	13.59	16.19	12.0	8.4	37.29	38.0	47.29	43.0	32.0	49.0	57.79	52.0	50.89	42.29	52.5	29.79	55.2	41.59	66.29	42.29	37.0	41.39	36.39	35.5	39.6	33.89	39.19	40.69	39.2	
9.9999999133E8	19.03	26.23	5.43	9.33	41.53	31.53	38.73	46.83	18.23	34.33	45.33	6.33	27.63	47.23	37.33	48.13	51.43	36.53	47.03	27.33	16.33	23.33	22.93	5.33	6.33	11.93	21.73	15.33	-1.6600000000000001	26.63	29.23	36.63	12.13	11.33	21.33	58.93	38.63	58.33	14.83	18.23	27.53	38.23	44.13	49.23	50.33	55.53	52.03	45.93	58.73	12.93	19.33	30.13	19.53	1.33	3.43	17.23	31.53	21.63	36.63	39.33	45.33	38.23	42.23	56.53	33.33	32.53	21.33	1.13	21.73	26.33	25.13	17.43	18.93	20.33	20.13	8.73	5.73	8.73	6.53	0.53	12.73	42.73	42.33	45.43	41.83	54.43	32.03	33.73	30.33	37.93	43.63	36.13	39.53	31.13	32.63	35.03	33.63	39.23	37.13	41.23	
1.0E9	37.6	30.1	26.89	10.0	50.79	41.2	54.0	59.5	41.2	53.1	63.5	21.19	35.29	50.89	38.0	55.0	60.69	49.2	64.0	49.2	20.0	22.3	18.0	15.0	7.2	22.3	36.0	29.39	22.0	47.09	46.59	57.29	34.1	35.0	45.0	74.5	45.0	61.7	9.4	25.39	26.3	41.7	45.2	54.2	61.6	68.8	67.29	61.0	76.0	32.39	41.2	44.39	30.0	12.0	3.6	14.4	33.89	29.5	44.1	50.0	53.1	55.79	61.99	75.7	57.0	55.29	15.09	21.0	38.79	45.59	48.6	18.39	21.19	20.19	18.3	27.19	25.89	32.2	29.1	19.19	35.39	56.7	53.7	54.89	49.0	61.0	37.0	50.39	41.7	58.0	50.0	43.0	47.1	39.5	40.1	43.5	40.0	46.0	45.29	47.0	
1.0E9	19.39	16.39	18.0	14.09	30.0	20.0	32.0	37.29	31.49	33.39	43.0	7.0	15.8	36.0	29.1	36.29	40.0	26.89	42.29	35.0	10.0	20.0	26.8	20.6	22.3	14.0	14.09	8.0	22.39	30.39	26.0	40.2	23.29	32.0	39.29	52.39	26.8	47.1	23.39	7.0	23.1	27.6	34.79	37.39	39.7	46.5	45.19	38.79	54.29	17.1	28.19	22.19	8.0	12.0	19.3	19.6	22.19	9.8	24.69	28.19	33.39	35.0	42.79	55.6	49.79	43.1	33.2	14.19	18.69	27.19	39.69	14.09	13.0	17.0	19.39	12.59	15.19	27.19	21.6	13.0	26.0	34.39	31.69	34.0	30.0	42.59	20.8	29.0	19.6	39.5	31.8	24.3	27.6	19.19	20.8	23.1	21.8	27.4	25.19	29.39	
1.0E9	10.8	23.0	20.6	28.19	22.19	14.09	18.0	25.1	28.19	20.6	29.0	15.8	15.8	36.0	35.29	32.0	31.5	15.0	28.19	26.8	22.3	31.59	40.29	30.39	36.0	14.09	13.4	6.7	29.0	20.5	12.59	29.0	21.6	33.4	37.5	38.5	25.0	46.0	37.5	15.8	33.7	30.0	38.79	35.29	29.0	33.89	31.3	25.0	40.2	13.8	22.8	8.5	9.19	24.5	32.7	33.2	28.1	14.0	21.19	18.89	28.0	21.0	30.0	42.0	45.79	35.7	47.29	21.0	7.2	16.1	35.6	26.7	24.6	29.0	32.0	14.09	18.19	28.6	23.39	21.19	24.39	21.1	21.19	25.59	26.09	38.0	23.0	15.0	10.19	27.19	28.89	22.19	23.29	15.8	18.8	18.3	21.39	24.8	20.5	27.79	
1.0E9	12.0	20.8	16.1	22.0	26.89	17.39	24.6	31.5	26.79	25.39	35.0	9.19	16.19	37.39	33.7	35.19	36.5	21.19	34.7	28.19	17.39	27.19	34.8	24.0	29.39	8.0	6.7	13.4	23.5	23.0	18.0	32.5	19.19	30.0	35.59	45.1	27.0	48.09	31.39	12.0	30.0	30.19	38.39	37.79	35.0	40.5	38.0	31.69	46.7	11.59	22.39	15.19	7.2	17.8	26.0	27.6	26.5	12.0	23.8	24.1	31.69	27.0	34.79	47.6	45.0	36.79	41.2	15.09	10.69	19.39	34.79	21.79	20.19	24.39	27.09	9.4	13.4	25.0	19.39	15.0	22.0	27.79	27.0	30.5	29.1	41.39	23.0	21.19	15.09	31.5	31.6	24.19	26.39	18.0	20.6	21.39	22.6	27.19	23.59	29.79	
1.0E9	23.89	38.2	9.4	23.69	50.39	40.7	44.59	54.0	20.1	38.39	49.5	15.59	37.89	58.39	50.2	58.09	60.0	44.0	52.09	29.8	29.0	37.09	38.0	7.0	22.0	22.39	29.0	23.5	14.0	30.0	34.29	39.5	14.79	13.0	23.0	64.29	49.0	69.49	30.19	29.39	41.2	50.0	56.5	59.7	58.0	62.2	57.49	51.79	63.5	17.6	21.89	37.0	29.1	14.69	19.0	31.89	43.79	32.2	46.5	47.6	54.89	43.0	45.79	60.19	35.0	34.39	37.0	8.5	27.39	30.39	26.79	31.0	32.0	34.09	34.29	15.0	11.0	10.4	9.19	9.4	15.0	49.2	50.2	54.0	51.79	64.39	43.19	39.09	38.6	41.39	53.89	46.39	49.29	40.79	42.89	44.5	44.19	49.5	46.7	51.7	
1.0E9	11.0	43.1	21.19	42.7	39.0	33.5	22.3	34.39	15.0	10.0	20.6	26.89	36.29	55.7	55.79	49.99	46.0	28.19	25.0	7.0	40.2	50.1	56.9	35.29	47.09	30.39	20.5	23.0	29.99	10.0	12.0	10.19	15.19	25.39	23.5	38.0	44.6	65.09	51.89	35.0	53.0	50.5	59.29	54.29	40.39	39.79	32.2	28.1	34.89	14.69	9.19	21.39	29.1	35.2	43.5	49.7	48.59	34.1	40.6	34.7	45.59	16.1	15.8	30.19	27.8	15.8	61.1	26.39	13.3	5.0	18.69	44.5	43.1	47.2	49.79	20.0	21.39	22.39	20.79	28.0	16.1	28.1	34.6	40.89	44.89	55.2	43.5	16.1	28.6	11.4	47.89	42.0	42.1	35.79	38.89	37.5	41.7	44.2	39.39	47.29	
1.0E9	10.4	35.2	24.89	40.0	27.19	22.69	11.09	22.8	25.19	8.0	17.0	25.39	27.0	44.7	47.0	38.19	34.0	16.19	17.8	19.0	34.89	44.19	52.7	37.89	46.59	26.0	12.59	18.0	34.29	12.0	10.0	17.39	22.0	34.0	34.5	30.0	33.7	53.7	49.39	28.39	46.29	40.39	49.39	42.89	28.6	29.19	23.3	18.0	29.6	16.69	18.89	9.8	21.79	34.59	42.99	45.6	40.0	26.39	29.6	22.8	33.79	9.19	17.39	29.6	39.79	27.6	59.2	28.1	7.79	7.2	30.5	39.29	37.2	41.6	44.59	20.5	23.69	30.0	26.3	29.1	24.0	16.69	22.6	28.89	33.5	43.39	34.1	5.0	17.69	15.0	36.6	31.19	30.8	25.39	28.5	26.5	31.39	33.1	28.1	36.2	
1.0E9	20.8	52.0	31.19	52.89	43.6	40.09	24.19	36.0	21.79	10.19	15.5	37.09	44.2	62.1	64.09	54.69	49.2	32.5	21.79	10.69	49.89	59.7	66.79	45.29	57.29	40.2	29.0	32.5	39.5	10.19	17.39	8.8	24.69	32.89	28.19	34.1	51.1	70.5	62.09	44.2	62.29	57.79	66.79	59.89	42.39	39.0	29.79	27.79	29.0	24.89	17.8	27.19	38.0	45.39	53.7	59.59	57.0	43.0	47.0	39.2	50.29	15.5	8.0	21.5	28.1	14.5	71.29	36.59	22.0	13.09	22.0	54.29	52.7	56.89	59.59	30.19	31.59	31.0	30.29	38.2	25.0	29.69	38.2	44.79	50.59	59.5	51.39	19.1	35.09	4.4	53.69	48.59	48.09	42.79	45.89	43.89	48.79	50.5	45.5	53.6	
1.0E9	12.3	39.29	7.2	32.0	43.79	35.6	33.0	43.79	8.19	24.3	35.39	17.19	35.39	56.5	52.2	53.59	52.79	35.0	38.7	15.19	32.89	42.59	47.0	20.79	34.1	23.29	21.6	19.19	14.79	15.19	22.0	24.69	5.59	12.3	16.39	51.5	45.89	66.99	40.39	29.89	46.1	49.39	57.39	56.5	48.89	51.1	45.1	40.0	49.5	7.79	7.2	27.39	26.39	23.19	30.59	40.0	45.09	31.0	42.5	40.2	49.59	29.5	31.0	45.39	26.5	21.3	48.9	13.19	16.69	16.39	16.39	36.39	36.0	39.5	41.1	10.69	9.0	8.0	5.59	15.19	2.79	38.29	41.7	46.89	47.59	59.59	42.2	27.0	31.8	26.6	50.29	43.09	44.79	36.7	39.5	39.79	41.7	45.9	42.0	48.69	
1.0E9	24.6	48.39	14.09	36.39	55.6	47.1	45.1	56.1	11.09	35.29	46.0	25.0	46.0	67.19	61.0	65.09	64.79	47.29	50.2	22.19	40.2	49.1	50.89	20.0	35.0	32.0	33.4	30.0	13.0	25.39	34.0	32.89	12.3	10.0	10.09	63.1	56.99	78.0	43.2	39.0	53.09	59.29	66.79	67.79	61.2	63.2	57.0	52.0	60.29	19.6	16.19	39.7	36.79	27.19	32.0	44.59	54.19	40.89	53.79	52.2	61.39	41.1	40.39	54.39	22.1	24.0	50.0	18.3	29.0	28.0	15.19	42.89	43.29	46.0	46.79	20.6	16.89	5.0	10.59	20.1	10.0	50.59	54.0	58.89	59.0	71.2	52.19	39.0	43.6	36.0	61.59	54.19	56.29	48.0	50.59	51.29	52.39	57.2	53.5	59.79	
9.9999999636E8	23.56	51.86	17.86	41.96	55.76	47.96	41.86	53.66	5.76	29.66	39.36	28.96	48.16	69.16	64.76	65.86	63.96	46.06	44.56	14.36	44.76	54.06	56.76	26.36	41.36	35.66	33.86	31.96	19.36	19.86	30.86	24.56	12.76	6.46	9.76	57.56	58.46	79.56	49.36	42.46	57.96	62.16	70.06	69.06	59.36	59.66	51.96	47.96	53.36	20.36	11.96	38.46	39.16	32.76	38.36	50.16	57.66	43.76	54.96	51.76	61.76	35.96	32.56	45.76	8.36	12.46	56.36	23.26	27.96	23.86	3.06	47.86	47.86	50.96	52.06	23.26	20.46	9.46	14.36	25.16	9.96	47.56	52.76	58.36	59.96	71.76	54.96	35.56	43.96	28.36	62.76	55.66	57.16	49.36	52.16	52.16	54.36	58.56	54.36	61.26	
9.9999999317E8	33.57	47.37	48.07	59.57	25.78	30.97	13.67	11.87	46.17	21.17	11.78	47.17	37.97	44.77	54.67	33.88	23.28	20.07	6.18	36.38	51.77	59.08	69.28	60.77	67.68	45.57	31.67	38.28	57.47	31.17	23.17	27.28	44.67	56.28	54.38	7.58	36.87	48.17	68.38	44.77	59.57	45.77	53.77	39.88	15.48	5.18	0.38	6.78	2.08	39.87	40.17	23.37	38.57	56.08	64.28	63.07	49.67	41.07	33.77	23.17	30.47	15.17	19.67	14.57	55.38	41.78	78.18	50.97	30.38	28.28	48.67	55.88	53.07	57.38	60.88	43.38	46.77	52.57	49.38	51.78	46.38	11.48	19.07	23.48	33.57	35.17	42.47	18.37	27.67	22.88	36.07	35.97	32.47	33.97	35.88	31.67	38.38	35.57	31.57	37.97	
1.0E9	35.79	15.19	42.99	35.0	11.09	11.09	30.0	25.0	53.09	41.09	45.0	33.39	11.09	11.09	18.0	10.0	18.0	20.0	40.29	51.39	25.0	26.89	38.0	47.29	45.0	26.8	25.0	27.0	49.0	44.6	33.7	51.09	45.89	57.0	62.09	43.69	2.79	21.1	40.59	20.5	25.5	8.9	17.19	10.8	22.79	33.2	37.89	32.69	50.0	38.09	47.79	23.89	20.19	37.89	43.0	33.79	14.4	17.0	4.09	14.3	8.8	38.2	49.39	57.2	70.79	60.29	49.2	40.6	31.89	39.7	60.59	27.19	24.1	26.8	30.3	36.39	40.19	52.0	46.39	39.69	48.69	27.39	18.0	14.19	4.4	16.0	8.19	32.5	16.1	48.09	5.0	2.79	4.4	9.19	6.4	7.19	5.0	1.3900000000000001	6.0	2.79	
9.9999999847E8	55.27	30.67	62.47	50.57	25.37	30.47	45.87	36.77	72.67	58.77	60.07	52.47	30.47	9.57	23.47	14.27	23.47	36.47	54.27	70.47	41.07	38.77	48.47	65.47	60.17	45.57	44.47	46.57	67.97	63.57	52.17	68.97	65.47	76.47	81.67	53.47	19.57	20.07	53.87	38.57	35.47	18.67	16.57	9.27	31.47	41.47	49.47	46.07	61.47	57.67	67.27	42.37	39.67	55.57	59.07	46.97	26.27	35.87	23.27	29.77	18.67	54.67	66.07	71.07	90.27	79.37	60.47	59.67	51.27	58.57	80.07	41.77	39.27	40.17	42.87	55.87	59.67	71.47	65.87	58.57	68.27	41.47	31.67	25.07	18.67	11.47	24.77	49.87	35.07	65.57	15.67	22.37	21.47	28.77	25.97	26.27	24.07	19.67	24.27	16.77	
1.0E9	41.5	25.39	33.2	9.4	48.39	39.29	55.0	58.7	48.2	56.5	66.4	25.0	32.6	45.0	30.7	50.39	57.69	48.79	65.7	55.0	17.0	15.09	8.59	23.5	9.4	23.39	37.5	31.39	30.19	51.89	49.39	62.09	40.39	43.2	53.0	75.2	40.59	55.39	14.0	23.8	18.6	36.0	37.9	49.0	59.79	68.09	68.0	61.6	77.7	37.19	47.2	45.2	29.8	17.19	11.4	7.0	28.0	27.69	40.7	48.19	49.29	58.39	65.79	79.0	65.0	61.7	9.8	27.19	41.79	49.5	56.0	13.59	16.69	14.0	11.0	31.89	31.69	40.0	36.1	25.19	42.2	57.0	52.2	52.39	44.89	56.2	32.39	52.39	41.0	62.0	45.39	39.19	43.59	37.0	36.89	40.79	36.09	41.79	42.19	42.39	
1.0E9	24.0	9.4	25.0	15.8	25.39	15.79	32.0	34.89	38.0	36.39	44.6	14.0	10.0	29.0	22.3	30.29	35.29	25.0	43.0	40.2	7.0	15.8	25.0	26.89	25.39	7.0	15.8	12.0	29.39	35.0	28.39	44.2	29.89	39.0	46.09	51.59	20.5	40.1	23.8	8.19	18.1	20.6	27.79	31.0	36.29	44.29	44.5	38.1	54.79	23.0	34.1	22.19	6.7	17.39	23.0	18.3	15.19	4.09	19.0	24.6	28.0	36.6	45.79	57.6	56.29	48.79	33.6	21.19	22.19	31.1	46.2	11.4	8.9	13.3	16.6	19.19	22.19	34.2	28.6	20.0	32.6	33.29	28.6	29.5	24.1	36.5	13.8	30.39	17.19	42.89	25.5	18.19	22.0	14.09	15.0	18.1	15.5	21.3	20.0	23.0	
9.9999999636E8	38.35	8.55	36.45	14.66	31.75	24.95	44.65	44.46	50.65	50.65	58.35	25.35	17.96	23.46	8.45	30.75	39.85	35.95	55.75	54.35	9.55	0.55	9.45	32.56	22.66	19.46	30.06	26.35	37.56	49.35	42.65	58.65	42.45	49.45	57.95	62.75	21.85	33.35	14.96	14.46	4.75	14.96	15.66	28.05	43.75	53.46	55.95	49.75	67.06	36.56	47.65	35.35	20.85	22.95	22.75	8.35	7.45	16.25	23.35	33.06	30.65	50.35	60.05	71.35	68.95	62.56	21.35	31.15	36.65	45.56	58.85	6.55	6.45	3.55	4.35	31.85	33.85	45.05	39.95	29.35	44.95	44.55	37.26	35.56	26.25	35.76	14.16	44.06	28.56	57.25	25.75	21.35	25.75	21.96	20.35	24.55	18.35	23.25	25.35	22.65	
9.9999999796E8	38.66	9.95	43.15	29.96	17.96	15.95	36.06	31.85	54.96	46.16	51.06	32.56	12.25	7.15	7.15	14.06	23.96	26.16	46.66	54.76	20.35	18.96	29.66	44.85	39.66	25.56	27.96	28.16	47.96	48.46	38.35	55.75	47.35	57.25	63.75	50.55	6.85	18.16	33.96	18.56	16.56	12.35	6.95	11.05	29.55	40.05	44.66	39.25	56.65	39.75	50.25	28.96	20.96	34.96	38.46	26.96	5.95	16.35	10.25	20.96	14.75	43.96	54.96	63.46	73.15	63.66	41.46	39.75	35.16	43.75	62.96	21.26	18.56	19.96	22.96	36.96	40.35	52.35	46.75	38.56	50.15	33.96	24.85	20.96	10.75	18.76	5.16	37.96	20.96	53.16	9.35	8.05	11.25	12.95	9.95	13.05	6.95	8.15	12.45	6.35	
9.9999999714E8	46.44	15.54	49.94	33.24	25.24	24.14	44.14	39.14	62.34	54.34	59.14	38.94	20.14	7.74	4.34	18.54	29.54	34.14	54.54	62.74	24.94	20.14	29.14	49.94	42.34	31.94	35.94	35.54	53.64	56.44	46.54	63.94	54.54	63.94	70.84	57.74	14.34	15.24	35.04	24.94	16.44	6.14	11.54	13.34	35.94	46.64	52.14	47.04	64.24	47.14	57.94	37.14	28.44	39.94	41.74	28.34	9.84	23.54	18.14	28.64	20.74	52.14	63.14	71.44	80.54	71.64	41.14	45.94	43.14	51.84	70.34	24.34	22.34	22.14	24.24	43.94	47.14	59.14	53.54	44.44	57.34	41.74	32.24	27.54	17.34	21.34	12.94	46.14	29.14	61.34	14.94	16.14	18.64	21.14	18.14	21.14	15.14	15.54	20.24	12.94	
1.0E9	46.0	24.1	53.79	44.29	16.39	21.19	37.0	29.0	63.5	49.69	51.69	44.1	21.8	5.59	21.0	6.0	17.0	27.49	46.1	61.19	34.5	34.1	44.79	57.89	54.2	37.4	35.29	37.79	59.7	54.29	42.89	59.89	56.5	67.79	72.7	46.7	10.8	10.8	49.0	31.0	31.69	13.09	16.19	11.19	24.39	35.09	42.0	38.0	54.1	48.79	58.0	33.1	31.0	48.29	52.69	42.0	21.0	27.6	14.09	20.79	10.0	45.79	57.19	63.0	81.0	70.09	56.6	51.29	42.0	49.29	70.79	36.0	33.1	35.0	38.0	47.19	51.0	62.79	57.19	50.39	59.29	33.1	23.1	17.0	9.4	8.0	17.39	40.79	25.79	56.59	6.4	13.59	12.19	19.79	17.19	17.0	15.59	10.59	15.0	8.0	
1.0E9	36.6	35.79	49.39	52.09	12.0	20.6	18.39	6.4	53.69	32.5	30.29	44.0	27.19	29.39	40.79	18.39	8.0	14.09	23.69	47.39	42.89	48.0	59.0	59.0	61.6	39.7	29.0	35.0	58.0	40.39	28.6	42.39	48.9	61.2	63.0	22.3	22.79	33.0	59.79	36.29	47.39	31.59	38.79	24.39	12.8	10.69	18.1	15.59	30.0	41.79	47.39	21.5	31.69	51.6	58.89	53.5	36.59	32.29	20.39	11.69	15.19	26.89	37.39	40.0	68.19	55.39	69.09	50.0	32.2	35.79	59.09	46.39	43.29	47.09	50.69	43.1	47.2	56.59	51.79	50.0	51.4	12.69	8.0	8.59	18.79	20.0	29.59	24.39	20.1	38.2	21.0	22.59	18.39	22.8	23.59	19.39	25.39	21.39	18.39	23.19	
9.999999741E8	13.09	19.19	27.09	33.89	-3.7	3.29	-7.8	-16.5	28.39	4.49	-1.3	23.79	10.29	14.19	25.29	3.19	-7.7	-6.3	-8.3	20.29	25.29	31.29	42.29	38.29	42.89	20.59	7.99	14.59	36.29	13.89	3.29	13.09	25.19	37.29	37.39	-13.9	7.29	17.09	42.19	18.39	31.19	16.19	23.59	9.19	-15.2	-7.1	-15.9	-14.2	-5.6	19.09	22.09	-0.5	12.89	32.19	39.89	36.49	20.89	14.49	4.6899999999999995	-5.5	0.0	-1.8	6.6899999999999995	5.79	40.59	27.29	51.89	28.69	9.09	9.99	32.59	29.29	26.29	30.29	33.89	21.39	25.29	33.19	29.09	29.09	27.29	-12.9	-9.7	-6.7	3.49	4.09	13.69	-1.6	1.29	8.69	5.79	6.89	2.89	5.89	7.29	3.09	9.49	5.99	2.49	7.89	
1.0E9	33.59	47.39	48.09	59.19	26.89	31.0	13.4	13.09	47.1	22.3	15.0	46.89	38.0	46.39	55.29	36.0	26.1	20.0	8.0	38.0	51.5	59.0	69.2	60.69	67.29	45.19	31.3	38.0	57.49	32.2	23.3	29.79	45.1	57.0	55.59	7.2	37.89	51.0	68.0	44.5	59.59	46.7	54.99	42.0	18.1	10.0	12.8	6.4	12.09	39.89	41.0	23.0	38.2	55.79	64.0	62.79	50.0	41.0	34.39	23.69	32.1	16.1	23.0	22.1	57.89	44.29	77.79	50.89	30.3	29.0	50.29	55.79	53.0	57.29	60.79	43.29	46.7	53.1	49.59	51.6	47.0	11.4	19.89	25.1	34.89	38.1	42.89	18.39	27.6	25.39	37.6	36.6	33.5	34.1	36.2	32.2	38.89	36.59	32.2	39.2	
1.0E9	28.1	41.2	42.5	52.79	22.0	24.89	7.2	9.4	42.69	18.69	14.69	40.7	31.8	42.0	49.79	32.0	23.3	13.8	8.19	34.5	45.1	52.79	62.89	54.6	61.0	38.79	25.0	31.69	51.79	28.1	18.0	27.79	40.0	52.0	51.6	13.59	32.69	47.6	61.6	38.1	53.4	41.29	49.89	38.0	15.59	11.69	6.4	10.59	17.39	34.29	36.39	16.6	31.8	49.5	57.7	56.4	44.1	34.7	29.0	18.39	28.0	12.5	22.0	25.0	54.89	41.6	71.4	44.8	24.39	24.3	46.79	49.5	46.7	51.0	54.5	37.2	40.79	48.0	44.1	45.4	42.0	5.29	15.0	21.0	30.0	35.1	37.0	13.0	21.39	23.39	33.0	31.19	28.39	28.0	30.3	26.4	33.1	31.5	26.8	34.29	
1.0E9	39.7	58.59	54.09	68.4	39.0	42.29	22.8	25.19	49.59	25.19	14.3	55.0	49.2	58.5	67.19	48.1	38.0	31.19	12.0	39.1	61.79	69.79	79.79	67.4	76.0	54.3	40.2	46.7	63.49	34.89	29.6	29.0	49.5	60.29	57.0	8.9	50.0	63.0	77.7	54.79	70.7	58.69	67.09	54.1	30.0	20.3	12.09	17.39	17.8	45.89	44.09	32.6	48.2	64.2	72.59	73.0	61.5	51.6	46.39	35.7	44.2	20.5	21.0	12.69	56.7	43.2	87.5	57.7	37.39	33.2	51.0	66.2	63.59	68.0	71.39	50.1	53.1	57.19	54.7	58.7	50.89	22.69	32.0	37.2	47.0	50.0	54.39	25.6	38.5	25.0	49.7	48.59	45.6	45.39	47.7	43.79	50.5	48.7	44.2	51.29	
1.0E9	6.29	32.29	8.19	28.1	36.0	27.8	27.1	37.2	15.19	21.39	32.39	12.3	27.79	48.79	45.2	45.79	45.2	27.8	34.5	18.1	27.0	37.0	42.6	21.6	32.39	17.1	13.8	11.59	17.6	14.69	16.69	24.89	7.79	19.6	24.0	46.7	38.09	59.19	37.19	23.0	40.2	41.79	50.0	48.79	41.79	45.0	39.89	34.29	45.89	10.59	11.09	20.3	18.8	20.5	28.8	35.4	38.0	23.6	34.7	32.6	41.79	25.39	29.69	43.79	33.39	26.0	46.39	12.0	10.0	13.4	23.19	31.0	30.1	34.0	36.0	5.29	7.2	14.8	10.0	13.4	10.59	32.0	34.39	39.29	39.79	51.79	34.6	21.5	24.0	25.6	42.5	35.29	37.0	29.0	31.8	32.0	34.0	38.2	34.2	40.89	
1.0E9	12.0	43.2	14.3	38.39	44.0	36.79	30.0	41.7	6.29	19.1	29.8	23.0	38.0	58.79	56.1	54.29	52.1	34.1	34.0	8.0	38.1	48.1	53.29	28.0	41.19	28.19	22.8	22.39	21.89	9.19	18.89	17.8	7.2	16.19	15.59	47.0	47.79	68.79	47.2	34.1	51.29	52.29	60.79	57.99	47.39	48.0	41.0	36.39	44.09	11.09	12.59	26.6	29.5	30.0	37.59	46.1	48.89	34.39	44.0	40.0	50.09	25.0	24.5	38.89	23.0	15.0	55.89	20.19	16.19	12.09	12.8	42.0	41.2	45.0	47.0	16.0	15.5	13.4	12.8	22.1	7.2	35.59	40.79	46.6	48.69	60.09	45.1	23.69	32.39	20.1	51.59	45.0	45.89	38.6	41.6	41.0	44.1	47.59	43.1	50.59	
1.0E9	15.09	27.19	28.0	36.2	17.6	13.0	9.8	17.0	32.7	17.19	23.0	24.3	18.19	34.9	38.1	28.6	25.5	7.59	20.8	28.39	29.19	37.5	47.19	38.79	44.39	22.19	8.5	15.19	37.0	21.39	9.8	27.19	27.39	39.7	42.1	30.19	23.89	43.89	45.2	22.19	39.0	31.0	40.0	33.1	21.5	25.39	23.0	16.6	32.6	20.3	26.6	15.19	15.59	33.0	41.1	40.39	31.29	19.19	19.8	13.4	24.19	15.19	26.0	36.0	48.7	37.2	55.0	29.19	10.69	16.39	39.0	33.6	31.0	35.39	38.79	22.0	26.0	35.1	30.3	29.6	29.89	12.59	14.3	20.0	23.69	33.79	25.0	9.0	8.0	24.19	26.8	21.5	21.0	16.0	19.0	16.69	22.0	23.3	18.3	26.4	
1.0E9	18.39	14.0	22.8	21.0	22.0	12.0	25.39	29.5	34.0	29.79	37.89	13.59	9.19	30.39	26.69	29.0	32.0	19.19	36.39	34.79	13.59	22.39	31.6	28.19	30.0	8.0	9.19	7.2	29.1	29.1	21.79	38.0	26.39	36.79	42.79	45.39	20.19	41.2	29.8	6.7	24.5	23.0	31.3	31.0	31.69	38.79	38.2	31.8	48.2	18.8	29.5	15.59	10.0	20.0	27.19	24.8	19.5	5.0	17.39	20.19	25.89	29.89	39.19	50.89	52.2	43.59	39.6	20.6	16.0	25.0	42.0	18.0	15.59	20.0	23.3	16.19	20.0	31.79	26.19	19.89	29.19	27.19	23.69	26.0	22.69	35.29	15.8	23.69	11.69	36.39	24.89	17.39	20.19	11.69	13.8	15.5	15.59	20.5	17.69	23.0	
1.0E9	25.6	25.0	16.0	9.19	42.0	32.0	42.4	49.0	31.0	41.1	51.5	9.19	27.19	46.0	36.0	47.69	52.0	38.6	52.19	37.89	15.0	22.39	24.0	10.0	12.0	12.0	24.5	17.8	14.69	35.2	34.59	45.4	23.19	27.19	36.39	62.9	37.89	57.1	17.19	17.39	26.59	37.0	42.79	48.29	51.6	58.1	55.79	49.5	64.19	20.5	30.0	33.0	20.0	16.0	8.4	17.39	30.19	21.19	36.2	40.2	45.2	43.79	49.99	63.7	48.2	44.5	26.0	10.0	26.8	33.59	39.0	16.39	17.6	19.39	19.6	15.19	14.5	23.3	19.0	8.0	25.0	45.6	43.6	46.0	41.4	53.89	31.0	38.59	31.5	46.0	42.89	35.59	39.2	31.0	32.2	35.0	32.89	38.69	37.0	40.39	
9.9999998354E8	17.54	12.14	6.9399999999999995	-7.95	31.94	22.14	34.14	40.14	21.34	33.04	43.45	1.1400000000000001	16.54	33.25	21.04	36.54	41.84	29.75	44.14	29.14	1.74	5.74	3.14	-4.35	-12.85	2.84	16.25	9.54	2.54	27.04	26.54	37.25	14.14	15.54	25.54	54.64	26.54	44.14	-5.05	6.54	9.94	24.04	28.14	36.24	42.44	49.35	47.54	41.25	56.14	12.34	21.14	24.64	10.74	-8.05	-9.25	-1.65	16.34	10.64	25.54	30.75	34.54	35.75	41.94	55.64	37.54	35.44	1.94	0.94	18.75	25.54	28.84	0.94	3.44	3.24	1.94	7.14	5.84	12.54	9.24	-0.85	15.54	37.14	34.44	36.04	30.54	42.54	18.84	30.54	22.34	37.94	31.54	24.54	28.54	20.64	21.54	24.64	21.54	27.54	26.54	28.75	
1.0E9	38.79	18.6	33.0	8.19	41.89	33.2	50.2	53.0	48.0	53.0	62.2	23.1	26.3	38.0	24.0	43.5	51.09	43.19	61.2	53.4	11.3	8.19	7.2	25.89	14.4	19.6	33.2	27.6	31.89	49.7	45.6	59.59	40.0	44.59	53.79	69.89	33.79	48.5	7.0	18.3	12.0	29.0	31.19	42.0	53.5	62.39	62.79	56.4	73.0	35.39	46.1	40.39	24.8	17.39	14.8	8.19	21.0	22.0	34.1	42.09	42.5	54.2	62.39	75.2	65.5	61.1	15.59	27.1	38.29	46.79	56.0	7.2	10.19	7.0	4.09	30.1	31.0	40.7	36.1	25.1	42.0	51.59	46.2	45.89	38.1	49.2	25.6	48.2	35.39	59.09	38.5	32.39	36.79	30.69	30.39	34.29	29.3	35.0	35.69	35.39	
1.0E9	37.89	5.79	40.19	24.3	24.6	19.2	39.79	38.0	53.19	48.0	54.2	29.19	13.09	17.1	7.2	23.3	32.39	30.3	50.8	54.29	15.19	13.09	24.0	40.2	33.89	22.19	28.1	26.5	43.79	48.59	40.0	57.0	45.09	54.19	61.29	56.5	14.4	27.8	28.0	15.19	11.09	8.0	12.69	21.0	36.6	46.79	50.0	44.09	61.49	38.0	48.89	31.29	19.5	30.19	32.79	21.0	11.59	14.5	16.19	26.59	23.2	46.5	57.2	67.09	71.4	63.09	35.6	36.1	35.29	44.2	61.2	15.5	13.0	14.0	17.0	34.39	37.39	49.39	43.79	34.6	47.79	38.79	30.79	28.19	18.8	28.6	7.2	40.29	23.69	55.0	18.3	14.09	18.39	16.1	13.8	18.0	11.4	15.8	18.39	15.19	
1.0E9	23.39	9.0	26.8	19.89	21.3	11.69	28.8	31.0	38.79	34.39	42.1	16.6	6.0	26.39	21.69	26.5	31.19	21.19	39.89	39.79	10.8	18.3	28.19	30.3	29.5	9.8	14.0	12.0	32.2	34.1	26.39	43.0	31.0	40.89	47.39	47.9	17.0	37.39	27.69	4.09	19.89	18.39	26.39	27.6	32.29	40.39	41.0	34.7	51.6	23.6	34.39	19.19	5.0	21.19	27.1	22.0	14.5	8.19	15.0	20.6	24.0	34.1	43.79	55.1	57.0	48.59	37.39	23.8	21.0	30.0	46.79	14.8	12.0	16.39	19.8	20.6	24.0	36.0	30.39	22.8	33.79	29.6	24.5	25.39	20.19	32.79	11.3	27.8	13.4	41.2	22.0	14.5	18.0	10.0	11.0	14.0	12.0	17.6	16.0	19.6	
1.0E9	32.0	15.59	39.89	34.2	8.4	7.2	26.0	21.89	49.39	37.0	41.0	31.0	9.0	15.19	20.89	11.59	17.0	16.0	36.39	47.5	24.3	27.69	38.79	45.29	44.1	24.69	21.19	23.8	46.5	40.6	29.6	47.0	42.5	53.79	58.6	40.59	4.09	24.8	40.7	19.0	27.0	12.3	21.0	14.09	20.39	30.59	34.39	29.0	46.39	34.7	44.0	19.8	17.39	36.2	42.0	34.1	16.19	15.0	4.4	10.69	9.0	34.1	45.29	53.29	67.0	56.39	49.69	38.0	28.0	35.7	56.79	27.1	24.0	27.29	30.79	33.19	37.1	48.79	43.19	37.29	45.29	23.69	14.69	12.19	5.29	17.89	9.19	28.39	12.0	44.0	7.79	2.2	3.0	5.79	4.0	3.1	5.0	3.6	2.2	6.7	
1.0E9	28.2	24.69	39.5	40.39	4.4	8.9	16.19	11.4	46.0	29.0	31.1	33.0	15.8	24.0	31.59	15.5	12.59	6.7	26.0	41.7	31.2	36.79	47.79	48.0	50.0	28.19	18.89	24.1	47.6	34.7	22.8	39.2	40.2	52.2	55.39	30.0	14.3	31.29	48.19	24.6	36.7	23.0	31.5	20.79	11.69	20.39	23.69	18.39	35.7	32.6	40.0	13.4	20.19	40.2	47.2	42.09	26.59	20.6	10.69	8.4	11.09	25.0	36.39	43.0	62.1	50.39	57.69	39.2	23.8	29.69	52.39	34.89	31.89	35.79	39.39	32.89	37.0	47.4	42.29	39.0	42.89	13.09	4.2	6.7	12.0	20.6	19.39	20.1	9.0	35.79	15.09	12.89	10.0	11.4	12.8	8.59	15.19	13.09	8.5	16.0	
1.0E9	38.2	23.89	47.79	43.1	6.7	14.3	27.19	19.0	56.0	40.1	41.7	39.39	18.0	14.3	26.0	4.4	9.19	17.8	36.1	52.59	33.1	35.59	46.69	54.0	53.1	33.39	28.0	31.69	54.89	45.59	33.79	50.29	49.59	61.39	65.4	37.29	8.8	20.19	49.29	28.0	34.29	16.8	23.6	10.0	15.19	25.89	32.1	28.0	44.2	41.79	50.09	24.19	25.89	45.2	51.0	42.5	23.2	24.0	9.0	11.09	8.8	36.0	47.39	53.0	72.79	61.39	57.89	46.39	33.89	40.59	62.89	35.69	32.59	35.5	39.0	41.1	45.1	56.39	51.0	45.69	52.39	23.1	13.09	7.0	4.4	10.0	16.89	31.19	17.8	46.89	5.79	10.09	6.0	14.19	13.0	10.39	13.19	7.5	8.19	8.4	
1.0E9	19.19	42.39	33.59	49.0	29.39	28.0	8.9	20.5	31.0	6.29	8.0	34.59	33.39	48.79	53.2	40.39	33.79	18.39	9.19	22.1	43.29	52.29	61.29	46.89	55.79	35.0	21.0	27.0	42.99	16.1	9.19	15.5	29.5	41.1	39.59	22.0	38.2	56.2	58.39	36.6	54.0	46.0	55.0	45.79	26.89	24.1	16.1	12.5	20.5	25.39	25.0	15.19	29.89	43.79	52.19	54.2	46.5	34.1	34.1	25.0	36.0	12.59	11.4	21.0	42.39	29.1	68.2	37.2	17.0	13.09	34.39	47.69	45.5	49.89	52.99	29.6	32.6	37.39	34.39	38.2	31.19	14.19	23.19	29.89	36.79	44.59	40.1	6.29	23.0	11.4	39.89	36.0	34.5	31.0	34.0	31.0	37.0	37.2	32.2	40.3	
1.0E9	24.39	52.6	36.79	56.39	40.79	39.0	20.19	31.0	29.39	9.4	8.0	41.0	44.1	60.09	64.0	51.79	44.7	29.79	15.0	18.39	52.1	61.59	69.59	50.89	62.0	42.79	30.0	34.79	45.79	15.8	17.39	8.0	31.0	40.39	36.2	26.5	49.39	67.59	65.79	45.79	63.69	57.0	66.0	57.19	37.39	32.6	23.0	22.0	21.0	29.69	24.5	26.0	39.2	50.0	58.39	62.39	57.2	43.79	45.29	36.39	47.39	11.4	8.8	14.4	35.89	22.3	75.4	41.7	24.1	16.39	30.0	56.5	54.6	59.0	61.79	34.79	36.7	37.89	36.6	43.1	31.6	25.0	34.5	41.2	48.19	55.89	51.0	17.0	34.0	4.4	51.29	47.2	45.79	42.0	45.0	42.2	48.0	48.5	43.5	51.6	
9.9999999526E8	33.36	58.46	46.46	64.86	42.26	43.26	22.66	29.56	38.56	17.86	8.26	49.86	49.36	62.26	68.66	52.26	43.26	32.56	12.26	27.46	59.56	68.56	77.56	60.46	70.96	50.86	37.26	42.86	55.46	25.46	24.86	16.76	40.66	49.66	44.66	16.66	52.46	67.86	74.26	52.86	70.26	60.76	69.56	58.26	35.26	26.96	17.36	20.26	7.96	39.06	34.16	31.26	46.16	58.96	67.36	70.46	62.36	50.36	48.56	38.26	48.26	16.26	9.66	20.66	42.26	29.46	84.06	51.06	32.46	25.66	38.16	63.96	61.76	66.16	69.26	43.96	46.16	47.56	46.26	52.46	41.26	25.26	35.26	41.26	50.26	55.26	55.56	22.56	38.66	14.06	53.26	50.66	48.26	46.36	49.06	45.66	52.06	51.36	46.46	54.26	
9.9999999802E8	33.02	63.72	30.72	55.42	64.32	57.82	47.92	60.12	16.32	34.22	41.62	41.62	58.92	79.82	76.62	75.12	71.82	53.92	47.92	18.82	57.42	66.92	70.22	40.02	55.02	47.82	43.82	43.02	33.02	25.82	37.82	26.12	24.52	20.12	10.02	60.22	68.82	89.82	63.02	54.32	70.62	73.22	81.42	79.02	66.22	64.52	55.92	52.92	54.72	31.42	21.02	46.72	50.22	46.22	52.02	63.52	69.42	55.02	65.02	60.12	70.82	40.42	33.92	45.02	18.42	11.62	70.02	36.42	37.02	30.62	8.22	60.72	60.52	63.82	65.22	35.22	33.12	23.02	27.42	38.42	22.02	53.72	60.42	66.62	69.62	80.52	66.02	41.82	53.22	30.52	72.62	66.02	66.82	59.62	62.62	62.02	65.02	68.62	64.02	71.62	
1.0E9	25.19	57.59	28.5	53.2	54.79	49.19	37.0	49.19	14.3	23.0	30.0	38.0	51.5	71.39	70.29	65.79	61.5	43.79	36.29	8.9	53.0	63.0	68.2	41.2	55.29	43.1	35.7	36.79	34.39	15.8	27.6	14.5	21.3	24.0	16.1	48.6	60.29	80.89	61.7	48.79	66.2	65.7	74.5	70.09	55.39	53.2	44.29	41.6	43.2	26.0	15.0	37.2	43.59	44.5	51.89	61.1	63.09	48.59	56.39	50.39	61.39	29.1	22.3	34.2	13.59	17.8	70.2	34.5	28.5	20.8	9.4	57.0	56.1	60.0	62.0	31.0	30.19	24.1	26.19	36.5	19.89	42.79	50.2	56.5	60.69	71.0	58.7	31.1	44.39	18.89	63.69	57.6	57.89	51.29	54.39	53.29	57.1	60.0	55.19	63.0	
9.999999989E8	49.9	33.0	40.6	18.1	56.4	47.7	63.7	67.3	55.1	65.1	75.1	33.3	40.8	51.0	35.9	57.6	65.5	57.5	74.4	62.7	25.5	21.4	10.9	28.9	14.0	32.1	46.2	40.1	35.9	60.0	58.1	70.2	47.8	48.9	58.9	83.9	48.1	60.9	8.7	32.5	23.9	42.4	42.9	55.5	68.0	76.7	76.7	70.3	86.4	45.3	54.8	53.9	38.5	24.9	17.3	14.5	34.5	36.3	48.6	56.6	56.8	67.1	74.3	87.7	70.9	69.1	18.5	34.6	50.5	57.9	62.6	21.7	24.7	21.3	17.8	40.0	39.3	46.2	43.0	32.7	49.3	65.7	60.7	60.4	52.4	63.1	39.9	61.1	49.7	70.4	52.6	46.8	51.2	45.2	44.9	48.8	43.7	49.3	50.2	49.5	
1.0E9	18.0	30.39	6.0	19.0	41.89	32.2	37.6	46.1	21.0	33.39	44.39	7.2	29.5	50.2	42.79	49.59	51.6	36.0	45.9	28.19	21.89	30.8	34.0	9.8	21.0	14.19	21.0	15.09	8.5	26.39	28.1	36.59	13.19	18.3	26.89	57.79	40.6	61.2	27.19	21.19	34.79	41.79	48.79	51.29	50.0	54.59	50.89	44.8	57.7	12.0	20.19	29.19	20.6	10.0	17.39	27.1	36.1	23.8	38.0	39.2	46.39	37.2	41.7	55.79	38.39	34.5	35.7	4.0	20.6	25.39	29.0	24.6	25.0	27.7	28.8	7.59	5.0	13.9	9.0	2.0	15.0	41.7	42.0	45.6	43.29	55.89	35.0	32.6	30.19	37.5	45.5	38.0	40.79	32.29	34.39	36.0	35.79	41.1	38.2	43.29	
9.9999999739E8	1.79	27.39	15.5	29.79	25.19	18.19	14.59	24.59	19.59	12.09	22.09	15.0	20.39	40.3	39.89	35.49	33.6	15.69	22.89	17.0	25.49	35.19	42.89	27.79	36.19	16.09	4.59	8.09	24.79	10.69	5.19	19.39	14.09	26.39	29.0	34.6	29.29	50.19	39.19	19.59	37.69	34.6	43.39	39.39	29.6	32.39	27.69	21.79	34.79	7.39	13.59	8.09	13.39	24.19	32.6	35.69	32.69	18.39	25.39	21.19	31.29	14.39	21.5	34.6	36.39	25.89	48.99	18.0	6.19	6.39	26.39	29.89	28.19	32.49	35.19	10.39	13.79	21.89	17.39	18.79	16.6	19.39	22.39	27.89	29.99	41.29	27.59	9.39	13.59	18.19	32.99	26.5	27.19	20.19	23.29	22.39	25.99	29.0	24.39	32.0	
1.0E9	8.0	39.0	21.0	40.2	34.0	28.6	18.0	29.89	18.39	8.0	19.1	24.6	31.69	50.8	51.39	44.99	41.2	23.3	22.29	12.0	36.79	46.59	54.0	35.0	45.59	27.19	16.1	19.39	30.39	5.0	7.2	13.09	16.39	28.0	27.5	35.1	39.7	60.09	49.5	31.1	49.2	45.79	54.7	49.29	35.79	35.89	29.0	24.3	33.2	13.4	12.09	16.39	25.0	33.59	41.99	46.79	44.2	30.0	35.7	29.69	40.59	13.09	16.39	30.39	32.6	20.8	59.0	25.39	9.0	10.0	23.3	41.19	39.59	43.79	46.49	18.39	20.6	24.3	21.5	26.8	18.1	23.69	29.8	36.0	39.89	50.2	38.89	11.69	23.69	12.5	42.99	37.1	37.19	31.0	34.1	32.6	37.0	39.29	34.39	42.39	
1.0E9	24.8	55.5	23.0	48.0	56.6	49.59	41.0	53.09	8.19	28.1	37.1	33.59	50.7	71.59	68.4	67.09	64.4	46.39	42.7	12.3	49.29	58.99	63.0	33.79	48.6	39.69	35.6	34.79	26.79	18.69	30.5	22.0	16.39	15.19	6.7	55.5	60.59	81.59	56.0	46.2	62.5	65.0	73.19	70.79	59.09	58.5	50.29	46.79	51.0	23.19	12.8	39.0	42.0	39.0	45.29	56.0	61.2	46.79	56.79	52.39	62.89	34.39	30.0	42.89	10.19	9.4	63.69	29.0	29.0	23.3	13.4	52.79	52.39	55.89	57.4	27.09	25.19	16.39	20.0	31.0	14.09	46.79	53.0	59.0	61.49	72.79	57.79	34.79	45.2	26.0	64.39	57.79	58.69	51.39	54.39	53.79	56.79	60.39	55.89	63.39	
1.0E9	33.5	12.0	30.0	8.9	34.79	26.0	43.39	45.79	44.59	47.1	55.7	19.19	19.19	32.5	20.19	37.0	44.1	36.0	54.39	49.0	4.4	6.2	13.59	26.1	18.39	14.09	26.7	21.79	31.0	44.5	39.29	54.29	36.39	42.89	51.5	62.7	27.19	43.29	13.59	11.4	10.19	23.3	27.19	36.0	46.39	55.19	55.79	49.5	66.2	31.0	42.0	33.6	18.0	16.39	17.39	7.2	15.5	14.8	27.1	34.89	35.7	47.7	56.5	68.7	62.7	57.0	22.8	24.6	32.5	41.19	52.79	6.2	3.1	3.1	5.29	26.0	27.6	38.5	33.5	22.8	38.7	44.4	39.0	38.79	31.5	43.0	19.0	41.6	28.2	53.29	32.0	25.6	30.0	23.6	23.3	27.2	22.5	28.39	28.6	29.0	
1.0E9	32.1	9.0	30.0	11.4	31.69	23.0	40.79	42.79	44.2	45.2	53.5	18.89	16.1	29.8	18.39	34.0	41.0	33.19	51.79	48.0	3.1	7.0	16.19	27.6	21.19	13.0	24.6	20.19	32.0	43.1	37.2	52.69	36.0	43.29	51.5	59.89	24.1	40.79	16.69	8.9	10.09	20.6	25.19	33.1	43.29	52.19	52.99	46.7	63.59	30.1	41.2	31.0	15.59	17.6	19.89	10.19	13.0	12.0	24.0	31.89	32.6	45.5	54.6	66.5	62.5	56.1	25.79	25.0	30.8	39.59	52.39	3.1	6.2	4.4	7.79	25.39	27.39	38.8	33.5	23.3	38.5	41.59	36.0	35.7	28.39	40.0	16.0	39.29	25.39	51.6	29.0	22.5	26.89	20.5	20.19	24.1	19.39	25.3	25.5	26.0	
1.0E9	36.2	11.69	33.1	11.4	35.29	27.0	45.19	46.79	47.7	49.6	57.89	22.3	20.0	31.1	17.8	36.5	44.2	37.39	56.19	52.0	7.0	3.1	12.0	29.0	20.19	17.0	29.0	24.39	34.09	47.2	41.6	56.89	39.5	46.0	54.6	64.2	26.8	41.7	14.0	13.3	7.2	22.0	25.0	35.0	47.09	56.19	57.29	51.0	68.0	34.0	45.0	35.39	20.0	19.39	19.69	7.0	14.0	16.39	27.29	35.79	35.5	49.89	59.0	70.9	65.8	60.0	22.39	27.7	35.09	43.79	55.89	3.1	4.4	6.2	3.6	29.1	30.7	41.6	36.6	25.9	41.8	45.89	40.0	39.2	31.1	42.2	18.6	43.69	29.69	55.89	31.5	25.5	29.89	24.39	23.69	27.69	22.39	28.0	29.0	28.39	
1.0E9	38.79	15.19	34.5	10.8	38.79	30.6	48.59	50.39	49.29	52.39	61.0	24.0	23.6	34.0	19.89	39.79	47.7	40.99	59.59	54.1	9.69	4.09	8.4	28.8	18.3	19.39	32.0	27.09	34.29	49.79	44.59	59.59	41.1	46.79	55.7	67.69	30.3	44.39	11.0	16.6	8.0	25.0	27.09	38.0	50.7	59.79	60.79	54.5	71.39	36.0	47.0	38.79	23.29	19.6	18.39	4.09	17.0	19.8	30.79	39.39	39.0	53.0	61.79	74.0	67.19	62.0	18.89	28.8	37.79	46.5	57.4	5.29	7.79	3.6	7.2	31.0	32.2	42.7	37.79	26.89	43.3	49.39	43.6	42.7	34.6	45.5	22.1	46.89	33.19	58.59	34.79	29.0	33.39	28.0	27.19	31.3	25.89	31.5	32.5	31.69	
1.0E9	10.59	28.6	6.7	22.8	36.0	26.79	30.0	39.0	18.89	26.1	37.0	7.0	25.39	46.59	41.5	44.59	45.5	29.0	38.29	23.3	22.3	32.2	37.3	17.39	27.19	12.59	14.09	9.4	15.0	20.0	20.5	30.19	10.69	20.6	26.89	50.2	36.39	57.39	31.89	19.19	35.5	39.0	46.79	47.19	43.1	47.29	43.29	37.2	50.1	5.29	16.0	22.0	16.19	15.19	23.6	30.1	34.39	20.6	33.19	32.89	41.09	29.6	34.79	48.7	37.2	31.0	41.1	7.59	13.0	18.39	27.09	26.0	25.39	29.1	31.0	8.19	4.09	15.59	10.0	8.59	13.4	34.29	35.29	39.5	38.49	50.79	31.8	25.0	24.0	30.8	40.99	33.59	35.79	27.39	30.0	30.79	31.79	36.59	33.0	39.19	
1.0E9	13.4	31.59	2.79	23.0	40.1	30.79	33.59	43.0	17.1	28.59	39.6	8.5	29.19	50.29	44.29	48.59	49.6	33.1	41.5	23.39	24.3	33.8	38.0	14.4	25.89	15.19	18.19	13.4	11.0	21.39	23.69	31.59	9.0	16.89	24.1	53.59	40.19	61.2	31.69	22.19	37.5	42.39	50.0	50.99	47.2	51.2	46.7	40.79	53.1	7.2	15.5	26.0	20.0	14.5	22.3	31.0	37.39	24.0	37.1	37.0	45.09	32.6	36.7	50.89	35.1	30.19	40.39	5.0	16.39	20.6	25.19	27.6	27.39	30.7	32.2	4.09	5.59	12.0	6.4	6.7	11.09	38.2	39.39	43.6	42.39	54.79	35.29	28.39	28.1	32.5	44.79	37.39	39.79	31.3	33.79	34.79	35.6	40.39	37.0	42.99	
9.999999915E8	11.69	35.09	0.69	23.99	42.29	33.59	32.5	43.2	1.49	23.49	34.39	11.69	32.5	53.69	47.7	51.59	51.5	34.09	38.09	12.09	27.19	36.2	38.79	8.89	23.69	18.69	20.09	16.49	1.8900000000000001	13.89	21.49	22.49	-0.5	-3.5	4.59	50.89	43.49	64.5	31.49	25.69	40.2	45.89	53.49	54.29	48.09	50.59	44.59	39.5	48.69	6.29	4.89	26.59	23.29	14.79	20.49	32.2	40.89	27.49	40.29	38.9	47.89	28.89	29.39	43.79	16.49	15.59	38.79	5.39	15.99	15.79	7.89	29.99	30.3	33.09	34.2	7.09	3.49	1.49	-2.9	7.29	-2.2	37.7	40.7	45.59	45.5	57.7	38.79	26.49	30.29	24.99	48.09	40.69	42.79	34.5	37.09	37.79	38.89	43.7	40.0	46.29	
1.0E9	16.0	38.0	3.6	28.0	45.59	36.7	37.0	47.2	12.09	29.5	40.6	14.69	35.39	56.59	50.7	54.59	54.89	37.79	43.59	20.79	30.39	39.7	43.0	15.19	29.1	21.6	23.39	19.39	9.19	20.79	26.3	30.29	5.59	10.59	18.0	56.2	46.39	67.4	36.1	28.6	43.6	48.79	56.39	57.19	51.79	55.0	49.59	44.1	54.7	10.0	12.8	30.3	26.19	19.0	25.69	36.1	43.79	30.39	43.19	42.29	51.0	34.39	36.59	50.99	29.39	26.19	44.09	9.0	20.0	21.5	20.0	33.5	33.5	36.6	37.79	10.0	6.4	5.59	7.2	11.0	6.29	42.0	44.29	49.0	48.49	60.79	41.69	31.19	33.59	32.19	50.99	43.59	45.7	37.39	40.0	40.79	41.79	46.59	43.0	49.19	
9.9999999836E8	17.56	27.36	6.36	15.36	39.86	30.06	36.56	44.66	21.36	33.06	43.96	4.66	26.96	47.36	39.56	47.26	49.66	34.46	45.26	28.36	18.56	27.36	30.36	7.5600000000000005	17.56	11.36	19.56	13.36	7.76	26.36	27.46	36.56	13.56	18.46	27.16	56.96	38.06	58.46	23.56	18.36	31.36	38.96	45.66	48.76	48.36	53.36	49.96	43.76	57.06	11.76	20.46	27.96	18.26	6.36	13.96	23.46	32.96	21.16	35.66	37.36	44.06	36.56	41.46	55.56	38.76	34.86	32.16	0.36	19.76	25.16	29.36	21.16	21.66	24.26	25.26	6.96	5.06	14.16	9.36	2.36	15.36	40.56	40.36	43.66	40.96	53.56	32.16	31.76	28.36	37.36	42.96	35.46	38.36	29.86	31.96	33.76	33.16	38.56	35.86	40.76	
1.0E9	14.8	42.0	9.0	34.0	46.59	38.39	35.1	46.29	6.0	25.69	36.6	19.6	38.19	59.29	54.89	56.39	55.39	37.5	40.39	14.8	35.39	44.9	49.0	21.39	35.39	26.0	24.39	22.0	15.0	16.1	24.0	25.0	2.79	10.0	13.59	53.2	48.69	69.79	42.2	32.6	48.6	52.19	60.19	59.29	51.4	53.2	47.0	42.0	50.89	10.59	7.2	29.9	29.19	25.0	32.0	42.0	47.79	33.79	45.29	42.89	52.39	31.19	31.6	46.0	24.0	19.89	50.39	15.0	19.2	18.1	14.09	38.7	38.5	41.8	43.3	13.4	11.09	6.29	6.29	17.0	5.59	40.6	44.2	49.6	50.39	62.39	45.0	29.0	34.59	27.19	53.09	45.89	47.59	39.5	42.29	42.59	44.5	48.7	44.79	51.49	
1.0E9	26.0	36.0	40.0	48.2	17.0	19.69	5.79	6.4	41.89	19.8	18.6	36.89	26.6	37.0	44.5	27.39	19.69	8.59	13.0	34.89	40.29	47.59	57.79	51.39	56.7	34.39	21.1	27.79	49.2	28.1	16.69	29.69	38.29	50.59	51.19	18.3	27.39	43.0	57.0	33.29	48.2	36.0	44.59	33.1	12.69	13.0	11.4	5.29	22.69	32.0	35.59	12.59	27.19	45.59	53.6	51.59	38.79	29.6	23.69	13.09	23.1	14.19	25.0	30.0	55.69	42.79	66.79	41.7	22.0	23.69	46.79	44.4	41.59	45.89	49.39	34.29	38.2	46.2	42.0	42.2	40.6	10.59	10.0	16.39	25.0	31.0	31.69	12.0	16.19	25.6	28.0	25.89	23.1	22.8	25.0	21.1	27.8	26.19	21.5	29.1	
1.0E9	29.39	28.89	41.7	44.29	7.0	13.0	14.3	7.2	47.0	28.0	28.6	36.0	20.0	27.0	35.59	17.39	11.4	6.7	23.0	41.6	35.29	41.0	52.0	51.0	53.7	31.69	21.19	27.0	50.2	34.6	22.6	38.2	41.7	54.0	56.39	25.89	18.0	33.2	52.2	28.6	40.9	26.89	35.09	23.1	8.0	16.19	19.89	15.0	32.0	34.39	40.79	14.3	23.69	43.6	50.89	46.2	30.79	24.5	14.69	4.2	13.09	23.19	34.5	40.0	62.39	50.2	61.79	42.0	25.0	29.8	53.0	39.0	36.0	40.0	43.6	35.29	39.39	49.2	44.29	42.0	44.2	10.0	8.4	6.7	15.0	21.39	23.59	19.19	12.09	34.39	18.0	16.89	13.59	15.59	17.0	12.8	19.39	16.69	12.5	19.3	
1.0E9	34.89	27.59	46.1	45.29	4.09	14.0	21.0	12.0	52.6	34.6	35.0	39.2	19.89	21.3	32.2	11.0	6.0	12.69	29.19	47.89	35.7	39.79	50.89	54.1	54.89	34.0	25.59	30.5	54.0	40.89	28.89	44.79	46.89	58.89	62.0	30.3	14.19	26.6	52.4	29.5	39.2	23.0	30.39	17.0	8.59	19.19	25.1	21.0	37.2	39.29	46.6	20.0	26.0	46.0	52.5	45.89	28.19	25.39	12.19	6.7	7.0	29.89	41.2	46.0	68.59	56.5	61.5	45.6	30.5	36.0	59.0	38.8	35.7	39.2	42.7	39.5	43.6	54.09	49.0	45.29	49.6	16.39	6.7	8.19	10.19	14.69	21.39	25.8	15.5	41.1	12.59	14.19	9.8	15.5	15.5	11.69	17.19	12.8	10.19	14.59	
1.0E9	36.69	19.5	45.19	39.0	8.0	12.0	28.19	21.8	54.29	40.39	43.1	36.29	14.19	12.0	22.0	6.29	13.59	18.39	38.0	51.79	29.0	31.19	42.29	50.5	49.0	30.0	26.1	29.1	51.79	44.89	33.5	50.59	47.59	59.0	63.59	40.39	4.4	20.19	44.89	24.1	29.89	12.8	20.19	9.4	18.79	29.39	34.89	30.0	47.0	39.79	48.69	23.69	22.69	41.39	47.0	38.1	18.8	20.19	5.29	12.0	4.4	36.79	48.19	55.0	71.59	60.69	53.5	43.29	32.59	39.89	61.5	31.5	28.39	31.1	34.6	38.5	42.39	54.0	48.5	42.59	50.39	25.0	15.0	10.19	5.59	12.59	12.5	31.6	16.39	47.39	3.1	6.0	2.79	11.09	9.19	7.79	9.0	3.1	5.59	4.4	
1.0E9	48.2	31.0	57.5	51.0	16.19	24.1	35.7	25.69	66.0	49.29	49.6	48.89	26.79	13.59	29.0	6.29	12.0	27.19	43.29	62.19	41.0	41.7	52.5	63.09	61.0	42.59	38.0	41.39	64.4	55.19	43.39	59.5	59.59	71.2	75.4	42.0	16.0	13.0	56.2	36.5	39.4	20.8	24.19	8.0	20.0	30.0	38.1	35.1	50.0	51.79	60.09	33.79	35.29	53.89	59.0	49.2	28.6	32.79	17.89	20.6	10.0	44.59	55.89	60.0	82.5	71.0	64.2	55.89	43.89	50.19	72.79	43.0	40.0	42.2	45.5	50.79	54.79	66.2	60.79	55.19	62.39	31.0	21.39	14.69	12.59	12.59	24.0	40.39	27.8	55.79	11.0	18.3	15.19	23.69	21.79	20.0	21.0	15.19	17.8	14.0	
1.0E9	33.6	7.0	38.09	27.0	17.6	12.29	32.89	30.79	49.79	42.0	47.59	27.8	7.2	15.19	13.09	18.0	25.89	23.39	43.89	49.79	17.1	18.69	29.79	40.7	37.0	20.8	23.0	23.0	43.19	43.5	34.1	51.39	42.2	52.19	58.59	49.29	8.19	26.29	32.39	13.8	17.8	7.2	15.8	17.39	29.59	39.59	42.89	37.0	54.39	34.6	45.1	25.0	15.8	31.0	35.29	25.6	7.2	11.3	9.19	19.39	16.89	40.1	51.0	60.29	68.0	58.69	41.0	35.0	30.19	38.89	57.79	19.0	16.0	18.6	22.1	31.8	35.29	47.29	41.69	33.79	45.0	31.69	23.59	21.39	12.5	24.0	8.4	34.0	17.1	49.0	13.0	7.2	11.59	9.19	6.7	10.8	4.2	9.4	11.19	10.0	
9.9999999905E8	14.25	35.15	28.75	42.15	23.55	21.05	5.35	17.35	29.05	7.95	13.35	28.45	26.25	42.25	46.15	34.65	29.45	12.45	12.65	22.05	36.25	45.05	54.25	41.45	49.45	28.05	14.05	20.25	38.15	15.15	4.05	18.15	26.05	38.05	38.25	24.25	31.55	50.45	51.45	29.45	46.75	39.05	48.05	39.85	23.45	23.35	17.45	12.05	24.65	20.55	22.75	8.05	22.75	37.65	46.05	47.25	39.35	26.85	27.45	19.15	30.25	5.35	16.05	26.35	42.85	30.15	61.25	31.65	11.05	10.75	33.85	40.65	38.35	42.75	45.95	24.05	27.45	34.05	30.25	32.45	28.05	11.05	18.25	24.85	30.65	39.45	33.05	9.05	16.05	14.85	33.75	29.25	28.15	24.05	27.05	24.35	30.05	30.65	25.65	33.75	
1.0E9	20.5	20.1	30.6	32.6	12.0	5.0	16.1	17.8	38.2	25.19	30.5	24.0	10.69	27.19	30.19	21.89	21.5	7.79	27.2	35.5	24.19	31.39	41.59	39.0	41.7	19.6	10.19	15.09	38.6	28.6	17.69	35.09	31.8	43.6	47.6	34.5	16.1	36.59	41.0	17.19	32.2	23.0	32.0	25.79	20.1	27.19	27.6	21.39	38.5	24.0	32.39	8.0	11.69	31.5	38.79	35.39	23.69	13.4	12.0	9.0	17.8	23.0	34.0	43.39	55.2	44.39	50.79	30.19	16.19	23.69	45.2	28.2	25.39	29.69	33.19	24.0	28.1	38.79	33.59	30.0	34.59	16.19	12.09	15.5	16.39	27.8	17.1	17.0	10.0	32.2	19.39	13.5	13.59	8.0	11.0	8.9	14.0	15.59	10.8	18.69	
9.9999999413E8	14.63	44.23	26.63	46.83	34.33	31.33	14.33	25.93	19.13	1.13	5.23	31.23	36.13	53.13	56.13	45.43	39.33	23.23	11.53	8.23	43.03	52.73	60.43	40.73	52.13	33.63	21.33	25.63	35.53	5.53	9.13	-1.46	20.73	30.13	26.13	23.83	42.23	61.23	56.13	37.03	55.03	49.33	58.33	50.73	32.33	28.73	19.53	17.53	19.13	19.73	14.23	18.33	30.53	40.13	48.53	53.23	49.13	35.33	38.13	29.93	41.03	5.53	-1.46	12.93	26.63	13.03	65.63	31.63	14.93	6.63	20.13	47.43	45.73	50.03	52.73	24.93	26.63	27.63	26.33	33.13	21.33	19.73	28.53	35.23	41.53	49.93	43.13	9.93	26.33	2.93	44.63	39.83	39.03	34.33	37.33	35.03	40.33	41.53	36.53	44.63	
9.9999999E8	29.6	10.0	37.59	30.0	1.0	4.8	21.29	14.5	47.09	33.5	36.2	28.29	6.0	-1.0	10.5	-5.0	4.8	11.5	31.0	44.79	20.0	21.2	32.29	42.29	40.0	21.8	18.89	21.6	43.89	37.89	26.6	43.7	40.29	51.59	56.4	32.89	-5.0	7.19	35.39	15.5	19.39	1.4	7.8	-3.59	11.0	21.69	27.6	23.0	39.7	32.5	41.59	16.8	14.89	32.89	38.0	28.5	8.3	12.0	-2.2	5.09	-4.2	29.89	41.29	48.0	64.59	53.69	43.69	35.5	25.59	33.0	54.39	22.0	19.0	21.5	24.79	31.0	34.79	46.59	41.0	34.59	43.09	18.0	8.0	2.59	-6.9	1.0	3.0	24.7	9.39	40.5	-3.79	-2.5	-4.2	3.59	1.09	0.59	0.0	-5.59	-1.4	-6.9	
9.9999999414E8	27.14	7.9399999999999995	34.34	27.14	4.74	2.64	22.14	18.24	44.44	32.84	37.14	24.94	2.64	7.9399999999999995	12.84	6.24	12.84	12.24	32.74	42.84	17.14	20.04	31.14	38.94	37.14	18.44	16.34	18.34	40.54	36.14	25.34	42.74	37.24	48.34	53.44	36.94	-3.05	18.04	33.34	12.34	19.14	4.24	13.14	7.74	16.74	26.94	30.74	25.34	42.74	29.44	39.14	15.64	11.54	29.74	35.14	26.54	8.24	8.64	-3.65	7.04	4.24	30.14	41.34	49.54	62.14	51.74	42.04	32.14	23.24	31.24	51.94	19.74	16.64	19.64	23.14	27.74	31.54	43.34	37.74	31.24	40.04	20.04	11.04	8.34	0.14	12.44	1.34	24.34	7.64	39.84	1.6400000000000001	-1.45	-1.45	0.54	-2.25	-0.85	-2.75	-2.75	-1.45	-0.25	
1.0E9	33.89	18.19	42.5	37.2	6.7	9.19	26.0	20.6	51.5	37.89	41.0	33.7	12.0	14.3	22.39	8.9	14.3	16.1	36.0	49.0	27.19	30.29	41.39	48.2	47.1	27.6	23.29	26.39	49.29	42.1	30.8	48.09	44.79	56.29	60.79	39.29	4.4	23.0	43.59	22.0	29.39	13.29	21.5	12.19	18.39	28.8	33.5	28.39	45.6	37.0	45.89	21.0	20.19	39.2	45.0	36.79	18.39	18.0	3.0	10.0	6.0	34.5	45.79	53.0	68.79	57.89	52.29	40.79	29.79	37.19	58.69	30.0	26.89	29.89	33.39	35.79	39.79	51.29	45.7	40.0	47.59	23.1	13.59	9.8	2.79	15.19	11.59	29.1	13.59	44.89	5.79	4.4	5.59	8.5	7.0	5.0	7.5	3.1	2.79	6.0	
1.0E9	26.6	13.4	34.1	29.79	11.4	3.1	23.69	22.6	43.89	33.2	38.39	25.19	4.4	20.19	22.29	17.39	21.19	14.19	34.7	42.39	20.19	25.39	36.39	39.79	39.5	19.19	15.8	18.0	40.79	35.79	25.39	42.79	36.7	48.0	53.0	40.79	9.19	30.3	37.0	14.09	25.6	15.0	24.0	19.79	22.8	31.79	34.1	28.0	45.39	29.0	38.6	16.0	11.69	31.0	37.1	30.69	16.1	10.0	5.79	11.4	14.19	31.0	42.0	51.09	61.59	51.29	46.29	32.29	22.8	31.0	51.39	23.6	20.5	24.39	28.0	27.39	31.3	43.0	37.39	31.5	39.5	22.79	15.59	15.5	11.09	23.69	9.19	25.0	8.0	40.2	13.59	6.4	8.5	6.2	3.1	4.0	6.0	9.19	6.0	12.0	
1.0E9	29.6	12.19	36.59	30.19	11.59	6.0	26.39	24.19	46.79	36.2	41.29	27.3	5.0	17.19	19.6	15.5	20.8	16.69	37.29	45.5	20.3	24.39	35.5	41.29	40.1	20.8	18.8	20.6	42.89	38.89	28.5	45.89	39.5	50.59	55.79	42.7	6.4	27.5	36.89	15.0	24.0	12.0	21.0	17.19	23.59	33.2	36.2	30.3	47.7	31.8	41.6	19.0	13.8	32.2	38.0	30.39	13.8	11.0	4.0	12.8	13.0	34.0	45.0	53.79	64.59	54.39	46.0	34.39	25.89	34.1	54.39	23.3	20.19	23.69	27.19	30.0	33.79	45.6	40.0	33.6	42.29	25.0	17.0	15.5	9.19	21.79	6.7	28.0	11.0	43.2	11.09	3.6	7.0	3.1	6.0	4.2	3.0	6.7	5.29	9.19	
1.0E9	29.0	16.39	37.5	33.59	7.59	4.2	23.0	20.0	46.5	33.89	38.0	29.1	8.19	18.29	23.39	13.8	17.19	13.09	33.7	44.39	24.0	28.59	39.6	43.7	43.5	23.1	18.3	21.39	44.5	37.5	26.5	43.89	39.79	51.29	55.79	38.5	7.19	27.79	40.79	18.1	28.19	15.09	24.0	17.0	19.39	29.0	32.2	26.4	43.79	32.0	41.0	16.69	15.5	35.0	41.1	34.29	18.0	14.0	3.1	8.59	10.39	31.0	42.2	50.39	64.0	53.29	49.89	36.0	25.0	32.6	53.79	27.2	24.1	27.69	31.3	30.79	34.79	46.29	40.79	35.39	42.59	21.1	12.8	11.69	7.79	20.0	10.8	25.3	8.9	40.89	10.59	5.0	5.0	4.0	4.2	4.4	6.7	6.7	2.2	9.8	
1.0E9	32.2	10.69	38.39	30.0	13.4	9.0	29.39	26.59	49.2	39.2	44.2	28.6	6.4	14.8	16.69	15.0	21.8	19.6	40.2	48.2	20.0	22.8	33.89	42.29	40.0	21.8	21.39	22.6	44.19	41.7	31.39	48.79	41.7	52.39	58.0	45.2	5.0	25.6	36.09	15.5	22.0	9.0	18.0	15.59	25.39	35.39	38.89	33.1	50.5	34.0	44.1	22.0	15.59	32.89	38.0	29.3	11.4	12.0	5.0	15.19	13.19	37.0	48.0	56.79	67.0	57.1	44.79	35.79	28.59	37.0	56.79	22.5	19.39	22.39	25.89	31.79	35.6	47.39	41.79	34.79	44.5	27.8	19.39	17.19	9.0	21.0	4.2	31.0	14.0	46.2	10.0	3.1	7.5	6.0	3.0	6.7	6.0	6.0	7.0	7.59	
1.0E9	35.6	16.39	43.19	36.0	9.8	10.8	29.0	23.69	53.0	40.39	44.0	33.89	11.59	11.59	19.39	9.0	16.6	19.0	39.1	51.09	26.0	28.1	39.2	47.9	46.0	27.39	24.8	27.19	49.5	44.2	33.1	50.5	45.9	57.19	62.2	42.39	1.3900000000000001	21.19	41.79	21.3	26.89	10.19	18.39	10.59	21.39	31.89	36.59	31.5	48.69	38.2	47.59	23.3	20.5	38.7	44.0	35.0	15.8	17.6	3.6	13.09	7.5	37.2	48.5	56.1	70.59	59.99	50.39	41.1	31.6	39.29	60.39	28.39	25.3	28.0	31.5	36.59	40.39	52.19	46.59	40.19	48.7	26.19	16.69	12.8	3.1	15.19	9.4	31.6	15.59	47.39	4.4	3.1	3.1	9.19	6.7	6.7	6.0	2.79	5.0	3.1	
1.0E9	31.1	17.39	39.7	35.39	6.4	6.4	24.0	19.69	48.7	35.39	39.0	31.19	10.0	16.6	23.1	11.59	15.5	14.0	34.29	46.29	25.6	29.59	40.69	45.79	45.29	25.19	20.5	23.59	46.7	39.39	28.1	45.5	42.0	53.5	58.0	38.39	6.0	25.79	42.2	20.0	29.0	14.5	23.1	15.0	18.39	28.39	32.2	26.8	44.2	34.2	43.1	18.3	17.69	37.0	43.0	35.69	18.39	16.0	2.2	8.5	8.19	32.2	43.5	51.2	66.0	55.19	51.29	38.2	27.0	34.39	55.89	28.6	25.5	29.0	32.5	33.0	37.0	48.5	43.0	37.5	44.79	21.5	12.5	10.19	5.59	17.8	11.19	26.6	10.8	42.39	8.59	4.4	2.79	6.0	5.29	2.2	7.0	5.0	4.4	8.09	
1.0E9	38.59	17.0	45.79	37.0	12.3	13.8	32.0	26.19	55.89	43.5	47.0	36.1	13.8	8.5	17.6	8.09	17.6	22.0	42.0	54.09	27.0	28.1	39.2	49.89	47.0	29.4	27.79	29.79	51.7	47.29	36.2	53.59	48.69	59.79	64.9	44.79	2.79	18.3	42.39	23.0	26.29	8.4	15.8	8.0	23.19	33.79	39.2	34.29	51.29	40.89	50.59	26.39	23.0	40.39	45.2	35.39	15.19	19.6	6.7	16.0	8.4	40.3	51.6	59.0	73.59	62.99	50.59	43.29	34.6	42.39	63.39	29.0	26.0	28.39	31.69	39.19	43.0	54.79	49.19	42.39	51.49	29.1	19.3	14.59	4.4	14.0	10.0	34.7	18.69	50.5	3.1	5.59	6.0	12.0	9.19	9.8	7.59	3.1	8.09	5.59	
